gene chr start end
ENSG00000227232.4 1 29805 29806
ENSG00000268903.1 1 135894 135895
ENSG00000269981.1 1 137964 137965
ENSG00000237683.5 1 139378 139379
ENSG00000228463.4 1 267252 267253
ENSG00000225972.1 1 564441 564442
ENSG00000225630.1 1 565019 565020
ENSG00000237973.1 1 566453 566454
ENSG00000229344.1 1 568136 568137
ENSG00000240409.1 1 568914 568915
ENSG00000248527.1 1 569075 569076
ENSG00000198744.5 1 569755 569756
ENSG00000224956.5 1 663526 663527
ENSG00000228327.2 1 714005 714006
ENSG00000177757.1 1 752750 752751
ENSG00000225880.4 1 762901 762902
ENSG00000228794.4 1 762987 762988
ENSG00000223764.2 1 856395 856396
ENSG00000187634.6 1 860259 860260
ENSG00000268179.1 1 866444 866445
ENSG00000188976.6 1 894688 894689
ENSG00000187961.9 1 895966 895967
ENSG00000272512.1 1 933430 933431
ENSG00000188290.6 1 935551 935552
ENSG00000187608.5 1 948802 948803
ENSG00000188157.9 1 955502 955503
ENSG00000242590.1 1 990412 990413
ENSG00000131591.13 1 1051740 1051741
ENSG00000162571.9 1 1109263 1109264
ENSG00000205231.1 1 1114934 1114935
ENSG00000186891.9 1 1142070 1142071
ENSG00000186827.6 1 1149517 1149518
ENSG00000078808.12 1 1167410 1167411
ENSG00000176022.3 1 1167628 1167629
ENSG00000184163.3 1 1182101 1182102
ENSG00000160087.16 1 1209264 1209265
ENSG00000230415.1 1 1210602 1210603
ENSG00000162572.15 1 1215815 1215816
ENSG00000169972.7 1 1243946 1243947
ENSG00000131584.14 1 1244988 1244989
ENSG00000240731.1 1 1254068 1254069
ENSG00000127054.14 1 1260070 1260071
ENSG00000224051.2 1 1260135 1260136
ENSG00000107404.13 1 1284729 1284730
ENSG00000162576.12 1 1297156 1297157
ENSG00000175756.9 1 1310874 1310875
ENSG00000221978.7 1 1334707 1334708
ENSG00000224870.3 1 1334901 1334902
ENSG00000264293.1 1 1341131 1341132
ENSG00000242485.1 1 1342692 1342693
ENSG00000272455.1 1 1344475 1344476
ENSG00000225905.1 1 1355624 1355625
ENSG00000235098.4 1 1357148 1357149
ENSG00000225285.1 1 1369952 1369953
ENSG00000179403.10 1 1370240 1370241
ENSG00000160072.15 1 1407142 1407143
ENSG00000197785.9 1 1447530 1447531
ENSG00000205090.4 1 1475832 1475833
ENSG00000215791.2 1 1499903 1499904
ENSG00000160075.10 1 1510248 1510249
ENSG00000215014.3 1 1510354 1510355
ENSG00000228594.1 1 1535475 1535476
ENSG00000197530.8 1 1550794 1550795
ENSG00000272106.1 1 1551174 1551175
ENSG00000248333.3 1 1590472 1590473
ENSG00000272004.1 1 1590785 1590786
ENSG00000269737.1 1 1603428 1603429
ENSG00000269227.1 1 1604713 1604714
ENSG00000189339.7 1 1624166 1624167
ENSG00000008128.18 1 1655765 1655766
ENSG00000227775.3 1 1655950 1655951
ENSG00000268575.1 1 1669126 1669127
ENSG00000215790.2 1 1677430 1677431
ENSG00000008130.11 1 1711895 1711896
ENSG00000078369.13 1 1822494 1822495
ENSG00000231050.1 1 1822909 1822910
ENSG00000169885.5 1 1846265 1846266
ENSG00000178821.8 1 1850711 1850712
ENSG00000067606.11 1 1981908 1981909
ENSG00000182873.4 1 2115827 2115828
ENSG00000269554.1 1 2121236 2121237
ENSG00000234396.3 1 2143961 2143962
ENSG00000243558.1 1 2144012 2144013
ENSG00000162585.12 1 2144158 2144159
ENSG00000203301.2 1 2145619 2145620
ENSG00000157933.9 1 2160133 2160134
ENSG00000238240.2 1 2283295 2283296
ENSG00000269896.1 1 2284258 2284259
ENSG00000272420.1 1 2295066 2295067
ENSG00000178642.5 1 2316810 2316811
ENSG00000116151.9 1 2323145 2323146
ENSG00000157916.14 1 2323266 2323267
ENSG00000157911.5 1 2345235 2345236
ENSG00000157881.9 1 2458038 2458039
ENSG00000272449.1 1 2477903 2477904
ENSG00000157873.13 1 2487077 2487078
ENSG00000238164.2 1 2488469 2488470
ENSG00000228037.1 1 2512998 2512999
ENSG00000157870.10 1 2517929 2517930
ENSG00000142606.11 1 2564480 2564481
ENSG00000256761.1 1 2978958 2978959
ENSG00000177133.6 1 2985000 2985001
ENSG00000142611.12 1 2985731 2985732
ENSG00000130762.10 1 3370989 3370990
ENSG00000162591.11 1 3528058 3528059
ENSG00000238260.1 1 3541306 3541307
ENSG00000158109.10 1 3541565 3541566
ENSG00000116213.11 1 3569324 3569325
ENSG00000227372.6 1 3663899 3663900
ENSG00000235169.3 1 3689351 3689352
ENSG00000266075.1 1 3699378 3699379
ENSG00000272153.1 1 3701571 3701572
ENSG00000130764.5 1 3713067 3713068
ENSG00000116198.8 1 3773777 3773778
ENSG00000169598.11 1 3773844 3773845
ENSG00000264428.1 1 3800627 3800628
ENSG00000198912.6 1 3816856 3816857
ENSG00000069424.10 1 6051525 6051526
ENSG00000131697.13 1 6052532 6052533
ENSG00000268332.1 1 6101398 6101399
ENSG00000158286.8 1 6265534 6265535
ENSG00000226944.1 1 6265839 6265840
ENSG00000116251.5 1 6269448 6269449
ENSG00000116237.11 1 6296031 6296032
ENSG00000158292.6 1 6321034 6321035
ENSG00000271746.1 1 6453614 6453615
ENSG00000097021.15 1 6454450 6454451
ENSG00000187017.10 1 6484847 6484848
ENSG00000215788.5 1 6526254 6526255
ENSG00000171680.16 1 6580120 6580121
ENSG00000162408.10 1 6614594 6614595
ENSG00000204859.7 1 6640060 6640061
ENSG00000116273.5 1 6673744 6673745
ENSG00000162413.12 1 6674666 6674667
ENSG00000041988.11 1 6684925 6684926
ENSG00000007923.11 1 6761983 6761984
ENSG00000237436.1 1 6844902 6844903
ENSG00000171735.14 1 6845383 6845384
ENSG00000225126.1 1 7501613 7501614
ENSG00000269978.1 1 7761029 7761030
ENSG00000049245.8 1 7831328 7831329
ENSG00000269925.1 1 7836442 7836443
ENSG00000049246.10 1 7844379 7844380
ENSG00000236266.1 1 7887401 7887402
ENSG00000049247.9 1 7913571 7913572
ENSG00000116288.8 1 8014350 8014351
ENSG00000116285.8 1 8086367 8086368
ENSG00000162426.10 1 8377885 8377886
ENSG00000232912.1 1 8484704 8484705
ENSG00000142599.13 1 8877701 8877702
ENSG00000230679.1 1 8938893 8938894
ENSG00000074800.9 1 8939307 8939308
ENSG00000142583.13 1 9148536 9148537
ENSG00000180758.10 1 9189228 9189229
ENSG00000234546.2 1 9242262 9242263
ENSG00000228526.2 1 9262677 9262678
ENSG00000049239.8 1 9294833 9294834
ENSG00000171621.9 1 9352938 9352939
ENSG00000235263.1 1 9563529 9563530
ENSG00000171612.6 1 9599540 9599541
ENSG00000231181.1 1 9636484 9636485
ENSG00000188807.8 1 9648931 9648932
ENSG00000171608.11 1 9711789 9711790
ENSG00000231789.2 1 9747612 9747613
ENSG00000171603.12 1 9884583 9884584
ENSG00000223989.1 1 9908375 9908376
ENSG00000178585.10 1 9970393 9970394
ENSG00000162441.7 1 10003464 10003465
ENSG00000173614.9 1 10003485 10003486
ENSG00000241326.1 1 10043198 10043199
ENSG00000162444.11 1 10057263 10057264
ENSG00000130939.14 1 10092889 10092890
ENSG00000054523.12 1 10270862 10270863
ENSG00000264501.1 1 10366522 10366523
ENSG00000142657.16 1 10458648 10458649
ENSG00000175279.17 1 10490158 10490159
ENSG00000251503.3 1 10490158 10490159
ENSG00000241563.2 1 10509775 10509776
ENSG00000203469.2 1 10518611 10518612
ENSG00000142655.8 1 10532344 10532345
ENSG00000160049.7 1 10532582 10532583
ENSG00000272078.1 1 10699297 10699298
ENSG00000130940.10 1 10856706 10856707
ENSG00000120948.11 1 11072413 11072414
ENSG00000271895.1 1 11089715 11089716
ENSG00000009724.12 1 11107289 11107290
ENSG00000116649.5 1 11120080 11120081
ENSG00000226849.1 1 11128527 11128528
ENSG00000230337.1 1 11159731 11159732
ENSG00000171824.9 1 11159937 11159938
ENSG00000171819.4 1 11249397 11249398
ENSG00000198793.8 1 11322563 11322564
ENSG00000120942.9 1 11333262 11333263
ENSG00000132879.9 1 11714431 11714432
ENSG00000116661.9 1 11715841 11715842
ENSG00000116663.6 1 11724180 11724181
ENSG00000116670.10 1 11751706 11751707
ENSG00000177674.11 1 11796140 11796141
ENSG00000215910.3 1 11821843 11821844
ENSG00000011021.17 1 11866206 11866207
ENSG00000177000.6 1 11866976 11866977
ENSG00000242349.1 1 11901073 11901074
ENSG00000116685.11 1 11986484 11986485
ENSG00000083444.12 1 11994261 11994262
ENSG00000116688.12 1 12040237 12040238
ENSG00000116691.6 1 12079522 12079523
ENSG00000202461.1 1 12084180 12084181
ENSG00000120949.10 1 12123433 12123434
ENSG00000028137.12 1 12227059 12227060
ENSG00000048707.9 1 12290123 12290124
ENSG00000239149.1 1 12567299 12567300
ENSG00000229484.1 1 12587765 12587766
ENSG00000221340.1 1 12630099 12630100
ENSG00000162496.4 1 12677736 12677737
ENSG00000272482.1 1 12679249 12679250
ENSG00000204518.2 1 12704565 12704566
ENSG00000162494.5 1 13840542 13840543
ENSG00000162493.12 1 13909959 13909960
ENSG00000116731.18 1 14026692 14026693
ENSG00000189337.11 1 14925199 14925200
ENSG00000175147.7 1 15478959 15478960
ENSG00000171729.9 1 15479027 15479028
ENSG00000142634.8 1 15736390 15736391
ENSG00000132906.13 1 15853028 15853029
ENSG00000116138.8 1 15853307 15853308
ENSG00000235084.2 1 15931076 15931077
ENSG00000197312.7 1 15943994 15943995
ENSG00000215695.1 1 15986363 15986364
ENSG00000116786.7 1 16010826 16010827
ENSG00000162461.7 1 16062899 16062900
ENSG00000237938.1 1 16063390 16063391
ENSG00000224459.1 1 16076390 16076391
ENSG00000162458.8 1 16083101 16083102
ENSG00000233954.4 1 16134193 16134194
ENSG00000178715.7 1 16154723 16154724
ENSG00000065526.6 1 16174358 16174359
ENSG00000179743.2 1 16174641 16174642
ENSG00000116809.7 1 16302626 16302627
ENSG00000186510.7 1 16345369 16345370
ENSG00000173641.13 1 16346088 16346089
ENSG00000142627.9 1 16482581 16482582
ENSG00000234166.1 1 16524348 16524349
ENSG00000142632.12 1 16539103 16539104
ENSG00000204377.3 1 16556037 16556038
ENSG00000132881.7 1 16563656 16563657
ENSG00000233929.1 1 16567892 16567893
ENSG00000037637.6 1 16678948 16678949
ENSG00000055070.12 1 16679069 16679070
ENSG00000226457.1 1 16696024 16696025
ENSG00000187144.7 1 16763918 16763919
ENSG00000157191.15 1 16767166 16767167
ENSG00000226029.1 1 16787442 16787443
ENSG00000080947.10 1 16825751 16825752
ENSG00000219481.6 1 16940056 16940057
ENSG00000215908.5 1 16971177 16971178
ENSG00000186301.7 1 16972068 16972069
ENSG00000236698.1 1 17012549 17012550
ENSG00000058453.12 1 17066767 17066768
ENSG00000235241.1 1 17215589 17215590
ENSG00000238142.1 1 17216143 17216144
ENSG00000226526.1 1 17305420 17305421
ENSG00000117122.9 1 17307329 17307330
ENSG00000159363.13 1 17338422 17338423
ENSG00000117118.5 1 17380664 17380665
ENSG00000117115.8 1 17445947 17445948
ENSG00000159339.9 1 17634689 17634690
ENSG00000227751.1 1 17733255 17733256
ENSG00000266727.1 1 17740189 17740190
ENSG00000179051.9 1 17766219 17766220
ENSG00000074964.12 1 17866329 17866330
ENSG00000117154.7 1 18434239 18434240
ENSG00000159423.12 1 19229274 19229275
ENSG00000255275.3 1 19247614 19247615
ENSG00000169991.6 1 19283179 19283180
ENSG00000272084.1 1 19402004 19402005
ENSG00000266098.1 1 19410144 19410145
ENSG00000127481.10 1 19536769 19536770
ENSG00000230424.1 1 19536994 19536995
ENSG00000053372.4 1 19578032 19578033
ENSG00000127463.9 1 19578045 19578046
ENSG00000162482.4 1 19615743 19615744
ENSG00000270728.1 1 19623573 19623574
ENSG00000053371.8 1 19638639 19638640
ENSG00000040487.8 1 19638819 19638820
ENSG00000077549.13 1 19812065 19812066
ENSG00000270136.1 1 19923472 19923473
ENSG00000173436.9 1 19923476 19923477
ENSG00000226396.1 1 19934607 19934608
ENSG00000158747.9 1 19967047 19967048
ENSG00000162542.9 1 20126437 20126438
ENSG00000235434.1 1 20140859 20140860
ENSG00000178828.5 1 20141770 20141771
ENSG00000169914.5 1 20209005 20209006
ENSG00000188257.6 1 20306931 20306932
ENSG00000127472.6 1 20354671 20354672
ENSG00000117215.10 1 20446049 20446050
ENSG00000162543.5 1 20512577 20512578
ENSG00000225986.1 1 20512978 20512979
ENSG00000162545.5 1 20812712 20812713
ENSG00000090432.5 1 20834653 20834654
ENSG00000183114.6 1 20878931 20878932
ENSG00000158825.5 1 20915440 20915441
ENSG00000158828.5 1 20959947 20959948
ENSG00000257033.1 1 20977206 20977207
ENSG00000117242.7 1 20978685 20978686
ENSG00000244038.5 1 20987999 20988000
ENSG00000117245.8 1 21044509 21044510
ENSG00000203394.2 1 21069479 21069480
ENSG00000127483.13 1 21113815 21113816
ENSG00000075151.15 1 21503376 21503377
ENSG00000117298.10 1 21671996 21671997
ENSG00000227001.2 1 21754459 21754460
ENSG00000187952.8 1 21754795 21754796
ENSG00000142794.14 1 21766620 21766621
ENSG00000162551.9 1 21835857 21835858
ENSG00000090686.11 1 22110098 22110099
ENSG00000187942.7 1 22138757 22138758
ENSG00000232037.2 1 22234590 22234591
ENSG00000142798.12 1 22263789 22263790
ENSG00000218510.3 1 22351680 22351681
ENSG00000070831.11 1 22379119 22379120
ENSG00000162552.10 1 22470461 22470462
ENSG00000184677.12 1 22778343 22778344
ENSG00000173372.12 1 22962998 22962999
ENSG00000159189.7 1 22970122 22970123
ENSG00000173369.11 1 22979254 22979255
ENSG00000133216.12 1 23037331 23037332
ENSG00000004487.11 1 23345940 23345941
ENSG00000240553.1 1 23414550 23414551
ENSG00000169641.9 1 23504300 23504301
ENSG00000261326.2 1 23613244 23613245
ENSG00000125944.14 1 23670828 23670829
ENSG00000249087.3 1 23695489 23695490
ENSG00000125945.10 1 23695934 23695935
ENSG00000201405.1 1 23696746 23696747
ENSG00000204219.5 1 23751232 23751233
ENSG00000088280.14 1 23811060 23811061
ENSG00000117318.8 1 23886284 23886285
ENSG00000142676.8 1 24018268 24018269
ENSG00000011007.8 1 24069644 24069645
ENSG00000236810.1 1 24104776 24104777
ENSG00000057757.5 1 24104894 24104895
ENSG00000011009.6 1 24117459 24117460
ENSG00000117308.10 1 24127270 24127271
ENSG00000117305.10 1 24165109 24165110
ENSG00000179163.11 1 24194783 24194784
ENSG00000189266.7 1 24285598 24285599
ENSG00000188529.10 1 24307416 24307417
ENSG00000142677.3 1 24469610 24469611
ENSG00000001461.12 1 24742283 24742284
ENSG00000001460.13 1 24743423 24743424
ENSG00000117602.7 1 24829386 24829387
ENSG00000264443.1 1 24882514 24882515
ENSG00000133226.12 1 24958206 24958207
ENSG00000169504.10 1 25071847 25071848
ENSG00000020633.14 1 25291611 25291612
ENSG00000117614.5 1 25558992 25558993
ENSG00000272432.1 1 25574327 25574328
ENSG00000259984.1 1 25663955 25663956
ENSG00000183726.6 1 25664407 25664408
ENSG00000117616.13 1 25664703 25664704
ENSG00000238084.3 1 25725202 25725203
ENSG00000204178.5 1 25757387 25757388
ENSG00000157978.7 1 25870070 25870071
ENSG00000225643.1 1 25907968 25907969
ENSG00000117643.10 1 25943958 25943959
ENSG00000162430.12 1 26126666 26126667
ENSG00000255054.3 1 26137960 26137961
ENSG00000117640.13 1 26145130 26145131
ENSG00000228172.1 1 26146262 26146263
ENSG00000223474.2 1 26147287 26147288
ENSG00000272478.1 1 26158624 26158625
ENSG00000127423.6 1 26185902 26185903
ENSG00000236528.1 1 26186103 26186104
ENSG00000182749.5 1 26197743 26197744
ENSG00000117632.16 1 26233481 26233482
ENSG00000158006.9 1 26324647 26324648
ENSG00000175087.5 1 26437663 26437664
ENSG00000197245.4 1 26485510 26485511
ENSG00000142684.7 1 26496361 26496362
ENSG00000236782.1 1 26498311 26498312
ENSG00000130695.9 1 26560690 26560691
ENSG00000142669.9 1 26605666 26605667
ENSG00000169442.4 1 26644447 26644448
ENSG00000158062.16 1 26644853 26644854
ENSG00000176083.13 1 26701012 26701013
ENSG00000117682.12 1 26758772 26758773
ENSG00000223583.1 1 26781677 26781678
ENSG00000225891.1 1 26793772 26793773
ENSG00000198830.6 1 26798940 26798941
ENSG00000117676.9 1 26856251 26856252
ENSG00000117713.13 1 27022523 27022524
ENSG00000060642.6 1 27113962 27113963
ENSG00000204160.7 1 27153200 27153201
ENSG00000175793.10 1 27189632 27189633
ENSG00000226698.1 1 27202623 27202624
ENSG00000142751.10 1 27216787 27216788
ENSG00000090273.9 1 27226728 27226729
ENSG00000198746.8 1 27226956 27226957
ENSG00000253368.3 1 27320197 27320198
ENSG00000158246.7 1 27339326 27339327
ENSG00000090020.6 1 27493471 27493472
ENSG00000214973.3 1 27527963 27527964
ENSG00000225159.1 1 27533420 27533421
ENSG00000142784.11 1 27561006 27561007
ENSG00000186501.10 1 27648650 27648651
ENSG00000241547.1 1 27651819 27651820
ENSG00000142765.13 1 27668512 27668513
ENSG00000142733.10 1 27693382 27693383
ENSG00000142748.8 1 27701314 27701315
ENSG00000181773.6 1 27719147 27719148
ENSG00000158195.6 1 27816668 27816669
ENSG00000126705.9 1 27930941 27930942
ENSG00000000938.8 1 27961787 27961788
ENSG00000235912.1 1 27975929 27975930
ENSG00000225886.1 1 27995978 27995979
ENSG00000126709.10 1 27998728 27998729
ENSG00000009780.11 1 28052489 28052490
ENSG00000231344.1 1 28065601 28065602
ENSG00000117758.9 1 28099693 28099694
ENSG00000269971.1 1 28100368 28100369
ENSG00000270031.1 1 28146493 28146494
ENSG00000117751.13 1 28157288 28157289
ENSG00000268552.1 1 28177254 28177255
ENSG00000130775.11 1 28199054 28199055
ENSG00000117748.5 1 28241256 28241257
ENSG00000130768.10 1 28261503 28261504
ENSG00000158156.7 1 28285972 28285973
ENSG00000227050.1 1 28286703 28286704
ENSG00000158161.11 1 28415206 28415207
ENSG00000228589.2 1 28422932 28422933
ENSG00000169403.7 1 28520446 28520447
ENSG00000269804.1 1 28527069 28527070
ENSG00000215902.1 1 28527151 28527152
ENSG00000126698.6 1 28559535 28559536
ENSG00000130770.13 1 28562619 28562620
ENSG00000270605.1 1 28567963 28567964
ENSG00000130766.4 1 28586037 28586038
ENSG00000130772.9 1 28655512 28655513
ENSG00000204138.8 1 28696113 28696114
ENSG00000180198.11 1 28832454 28832455
ENSG00000242125.2 1 28832491 28832492
ENSG00000200087.1 1 28835070 28835071
ENSG00000180098.5 1 28879596 28879597
ENSG00000221539.1 1 28905333 28905334
ENSG00000197989.9 1 28909494 28909495
ENSG00000188060.6 1 28918711 28918712
ENSG00000120656.7 1 28969596 28969597
ENSG00000229388.1 1 28969739 28969740
ENSG00000270103.2 1 28975111 28975112
ENSG00000162419.8 1 28995243 28995244
ENSG00000198492.10 1 29063132 29063133
ENSG00000233427.1 1 29203847 29203848
ENSG00000159023.14 1 29213602 29213603
ENSG00000225616.2 1 29309119 29309120
ENSG00000253304.1 1 29450446 29450447
ENSG00000227637.1 1 29479000 29479001
ENSG00000116350.11 1 29508498 29508499
ENSG00000116353.11 1 29557453 29557454
ENSG00000060656.15 1 29563027 29563028
ENSG00000186056.5 1 31191350 31191351
ENSG00000264773.1 1 31212078 31212079
ENSG00000162511.7 1 31230666 31230667
ENSG00000223382.3 1 31297074 31297075
ENSG00000162512.11 1 31381607 31381608
ENSG00000134644.11 1 31538837 31538838
ENSG00000215900.4 1 31568404 31568405
ENSG00000229447.2 1 31736527 31736528
ENSG00000060688.8 1 31769661 31769662
ENSG00000121766.10 1 31769841 31769842
ENSG00000229044.1 1 31819645 31819646
ENSG00000121769.3 1 31849696 31849697
ENSG00000168528.7 1 31882411 31882412
ENSG00000268950.1 1 31902613 31902614
ENSG00000142910.11 1 32042115 32042116
ENSG00000235790.3 1 32109649 32109650
ENSG00000162517.8 1 32110496 32110497
ENSG00000084636.13 1 32169919 32169920
ENSG00000121753.8 1 32230493 32230494
ENSG00000134668.8 1 32281651 32281652
ENSG00000212673.1 1 32379173 32379174
ENSG00000184007.13 1 32410456 32410457
ENSG00000121774.13 1 32479429 32479430
ENSG00000121775.13 1 32537631 32537632
ENSG00000025800.9 1 32573638 32573639
ENSG00000250135.1 1 32636333 32636334
ENSG00000084652.11 1 32645286 32645287
ENSG00000160050.10 1 32665986 32665987
ENSG00000160051.7 1 32671235 32671236
ENSG00000224066.1 1 32672414 32672415
ENSG00000222046.2 1 32674694 32674695
ENSG00000084623.7 1 32687528 32687529
ENSG00000160055.15 1 32687971 32687972
ENSG00000220785.3 1 32707220 32707221
ENSG00000183615.5 1 32712833 32712834
ENSG00000182866.12 1 32716839 32716840
ENSG00000116478.7 1 32757686 32757687
ENSG00000175130.6 1 32801979 32801980
ENSG00000162526.6 1 32817121 32817122
ENSG00000225828.1 1 32829878 32829879
ENSG00000160058.14 1 32860331 32860332
ENSG00000254553.1 1 32930657 32930658
ENSG00000160062.10 1 33005027 33005028
ENSG00000176261.11 1 33116503 33116504
ENSG00000162521.14 1 33116742 33116743
ENSG00000162520.10 1 33169196 33169197
ENSG00000162522.6 1 33207485 33207486
ENSG00000116497.13 1 33282367 33282368
ENSG00000134684.6 1 33283753 33283754
ENSG00000160097.11 1 33338082 33338083
ENSG00000121905.5 1 33351594 33351595
ENSG00000121900.14 1 33367038 33367039
ENSG00000116514.12 1 33430285 33430286
ENSG00000004455.12 1 33546596 33546597
ENSG00000142920.12 1 33546704 33546705
ENSG00000116525.9 1 33647659 33647660
ENSG00000160094.10 1 33722145 33722146
ENSG00000256142.1 1 33764974 33764975
ENSG00000225313.2 1 33772966 33772967
ENSG00000266239.1 1 33798092 33798093
ENSG00000222112.1 1 33802464 33802465
ENSG00000134686.12 1 33896652 33896653
ENSG00000121903.10 1 33938245 33938246
ENSG00000187513.8 1 35258598 35258599
ENSG00000230163.1 1 35316294 35316295
ENSG00000163866.8 1 35325416 35325417
ENSG00000241014.1 1 35450913 35450914
ENSG00000243749.1 1 35450953 35450954
ENSG00000271741.1 1 35497341 35497342
ENSG00000163867.12 1 35497568 35497569
ENSG00000197056.5 1 35525386 35525387
ENSG00000116560.6 1 35658748 35658749
ENSG00000146463.7 1 35734567 35734568
ENSG00000229994.1 1 35816322 35816323
ENSG00000227409.1 1 35831677 35831678
ENSG00000020129.11 1 36023073 36023074
ENSG00000142687.13 1 36023550 36023551
ENSG00000116819.6 1 36038970 36038971
ENSG00000239636.1 1 36043329 36043330
ENSG00000126067.7 1 36107444 36107445
ENSG00000142686.7 1 36185072 36185073
ENSG00000134698.10 1 36273772 36273773
ENSG00000092847.6 1 36335408 36335409
ENSG00000271914.1 1 36395715 36395716
ENSG00000126070.14 1 36396318 36396319
ENSG00000116863.10 1 36554475 36554476
ENSG00000171812.6 1 36590820 36590821
ENSG00000054116.7 1 36615097 36615098
ENSG00000116871.11 1 36621179 36621180
ENSG00000054118.9 1 36690016 36690017
ENSG00000214193.5 1 36771987 36771988
ENSG00000116883.8 1 36789334 36789335
ENSG00000142694.6 1 36789754 36789755
ENSG00000196182.6 1 36851496 36851497
ENSG00000181817.5 1 36863492 36863493
ENSG00000201448.1 1 36884178 36884179
ENSG00000116885.14 1 36916085 36916086
ENSG00000116898.7 1 36930037 36930038
ENSG00000119535.13 1 36948878 36948879
ENSG00000233621.1 1 37940011 37940012
ENSG00000163874.8 1 37940152 37940153
ENSG00000163875.11 1 37980374 37980375
ENSG00000163877.9 1 38019902 38019903
ENSG00000237749.3 1 38021842 38021843
ENSG00000163879.9 1 38022519 38022520
ENSG00000134697.8 1 38061535 38061536
ENSG00000169218.9 1 38100594 38100595
ENSG00000116922.10 1 38157913 38157914
ENSG00000185090.10 1 38259473 38259474
ENSG00000233728.1 1 38266550 38266551
ENSG00000197982.12 1 38272650 38272651
ENSG00000196449.3 1 38273856 38273857
ENSG00000188786.9 1 38325291 38325292
ENSG00000230955.1 1 38326368 38326369
ENSG00000252448.1 1 38349908 38349909
ENSG00000204084.8 1 38412728 38412729
ENSG00000183431.7 1 38456592 38456593
ENSG00000212541.1 1 38457133 38457134
ENSG00000183386.5 1 38471277 38471278
ENSG00000183520.7 1 38474929 38474930
ENSG00000116954.7 1 39325494 39325495
ENSG00000228436.2 1 39325671 39325672
ENSG00000214114.4 1 39347288 39347289
ENSG00000131233.8 1 39347288 39347289
ENSG00000158315.6 1 39407470 39407471
ENSG00000174574.11 1 39456894 39456895
ENSG00000168653.6 1 39491989 39491990
ENSG00000127603.19 1 39546987 39546988
ENSG00000255103.1 1 39876150 39876151
ENSG00000183682.7 1 39957317 39957318
ENSG00000182109.3 1 40011858 40011859
ENSG00000243970.1 1 40024378 40024379
ENSG00000228060.1 1 40030831 40030832
ENSG00000201457.1 1 40033179 40033180
ENSG00000090621.9 1 40042461 40042462
ENSG00000163909.6 1 40105616 40105617
ENSG00000084072.12 1 40157853 40157854
ENSG00000116985.6 1 40254532 40254533
ENSG00000043514.11 1 40349182 40349183
ENSG00000116990.9 1 40367927 40367928
ENSG00000168389.13 1 40420801 40420802
ENSG00000228477.1 1 40428351 40428352
ENSG00000131236.12 1 40505904 40505905
ENSG00000131238.12 1 40563374 40563375
ENSG00000117000.8 1 40627044 40627045
ENSG00000259943.1 1 40723638 40723639
ENSG00000084073.4 1 40723778 40723779
ENSG00000049089.9 1 40783487 40783488
ENSG00000084070.7 1 40810521 40810522
ENSG00000187815.5 1 40942886 40942887
ENSG00000238287.1 1 40974332 40974333
ENSG00000164002.7 1 40974412 40974413
ENSG00000227278.1 1 40980728 40980729
ENSG00000238186.1 1 40982845 40982846
ENSG00000117010.11 1 40997232 40997233
ENSG00000117016.5 1 41131328 41131329
ENSG00000066136.15 1 41157319 41157320
ENSG00000272145.1 1 41157737 41157738
ENSG00000117013.10 1 41249683 41249684
ENSG00000179862.5 1 41328017 41328018
ENSG00000171793.9 1 41445006 41445007
ENSG00000010803.12 1 41707825 41707826
ENSG00000204060.4 1 41827593 41827594
ENSG00000229901.1 1 41841340 41841341
ENSG00000127124.9 1 42501595 42501596
ENSG00000198815.4 1 42801547 42801548
ENSG00000227527.2 1 42804046 42804047
ENSG00000127125.7 1 42921787 42921788
ENSG00000066185.8 1 42921937 42921938
ENSG00000236876.2 1 42966066 42966067
ENSG00000171960.6 1 43124095 43124096
ENSG00000065978.13 1 43148097 43148098
ENSG00000117385.11 1 43232754 43232755
ENSG00000164008.9 1 43232939 43232940
ENSG00000228452.1 1 43242460 43242461
ENSG00000164010.9 1 43282794 43282795
ENSG00000177868.7 1 43282953 43282954
ENSG00000228192.3 1 43312092 43312093
ENSG00000164011.13 1 43312279 43312280
ENSG00000225099.1 1 43368902 43368903
ENSG00000117394.15 1 43424529 43424530
ENSG00000243710.3 1 43637819 43637820
ENSG00000117395.6 1 43736606 43736607
ENSG00000066056.9 1 43766663 43766664
ENSG00000234694.1 1 43824328 43824329
ENSG00000117399.9 1 43824625 43824626
ENSG00000066322.8 1 43833695 43833696
ENSG00000229431.1 1 43850783 43850784
ENSG00000159479.12 1 43855478 43855479
ENSG00000198198.9 1 43855552 43855553
ENSG00000229372.1 1 43914314 43914315
ENSG00000229348.1 1 43919597 43919598
ENSG00000178922.12 1 43919659 43919660
ENSG00000142949.12 1 43990857 43990858
ENSG00000066135.8 1 44115828 44115829
ENSG00000126091.15 1 44171494 44171495
ENSG00000236200.1 1 44173808 44173809
ENSG00000237950.1 1 44412222 44412223
ENSG00000117408.6 1 44412610 44412611
ENSG00000132768.9 1 44435671 44435672
ENSG00000117410.9 1 44440158 44440159
ENSG00000117411.12 1 44444614 44444615
ENSG00000159214.8 1 44457030 44457031
ENSG00000196517.7 1 44497138 44497139
ENSG00000233514.1 1 44588183 44588184
ENSG00000178028.9 1 44679126 44679127
ENSG00000117419.10 1 44820931 44820932
ENSG00000187147.13 1 44870865 44870866
ENSG00000126106.9 1 45140226 45140227
ENSG00000198520.6 1 45140363 45140364
ENSG00000142937.7 1 45240922 45240923
ENSG00000225721.1 1 45241481 45241482
ENSG00000264294.1 1 45241535 45241536
ENSG00000200913.1 1 45242161 45242162
ENSG00000202031.1 1 45243514 45243515
ENSG00000207421.1 1 45244061 45244062
ENSG00000234093.2 1 45246386 45246387
ENSG00000173846.8 1 45265896 45265897
ENSG00000188396.2 1 45272956 45272957
ENSG00000222009.4 1 45274153 45274154
ENSG00000202444.1 1 45285668 45285669
ENSG00000117425.9 1 45308734 45308735
ENSG00000226499.1 1 45309753 45309754
ENSG00000070785.12 1 45452281 45452282
ENSG00000232369.1 1 45454396 45454397
ENSG00000126107.10 1 45477000 45477001
ENSG00000126088.8 1 45477818 45477819
ENSG00000162415.6 1 45771880 45771881
ENSG00000132773.7 1 45805341 45805342
ENSG00000132781.13 1 45806141 45806142
ENSG00000070759.12 1 45956871 45956872
ENSG00000132763.10 1 45965724 45965725
ENSG00000236624.4 1 45965750 45965751
ENSG00000117450.9 1 45988718 45988719
ENSG00000117448.9 1 46016214 46016215
ENSG00000132780.12 1 46049517 46049518
ENSG00000159588.10 1 46089728 46089729
ENSG00000225447.1 1 46111868 46111869
ENSG00000234329.1 1 46117497 46117498
ENSG00000159596.6 1 46152885 46152886
ENSG00000159592.6 1 46153784 46153785
ENSG00000230896.1 1 46162746 46162747
ENSG00000197429.6 1 46216321 46216322
ENSG00000236111.4 1 46246948 46246949
ENSG00000086015.16 1 46252658 46252659
ENSG00000117472.5 1 46640744 46640745
ENSG00000117461.10 1 46642159 46642160
ENSG00000171357.5 1 46669005 46669006
ENSG00000085998.9 1 46685976 46685977
ENSG00000132128.12 1 46769279 46769280
ENSG00000173660.7 1 46769302 46769303
ENSG00000117481.6 1 46805848 46805849
ENSG00000117480.11 1 46859936 46859937
ENSG00000232022.2 1 46897800 46897801
ENSG00000269956.1 1 47004367 47004368
ENSG00000079277.15 1 47082514 47082515
ENSG00000142961.10 1 47082562 47082563
ENSG00000123472.8 1 47139538 47139539
ENSG00000228237.1 1 47139707 47139708
ENSG00000159658.6 1 47184823 47184824
ENSG00000142973.8 1 47223509 47223510
ENSG00000186377.6 1 47427035 47427036
ENSG00000186160.4 1 47533159 47533160
ENSG00000162366.3 1 47656715 47656716
ENSG00000226252.1 1 47691468 47691469
ENSG00000162367.7 1 47697891 47697892
ENSG00000162368.9 1 47799468 47799469
ENSG00000237424.1 1 47900312 47900313
ENSG00000273395.1 1 48227289 48227290
ENSG00000223814.1 1 48231218 48231219
ENSG00000269113.3 1 48462566 48462567
ENSG00000272491.1 1 48695232 48695233
ENSG00000235105.1 1 48901638 48901639
ENSG00000132122.7 1 48937844 48937845
ENSG00000162373.8 1 49242640 49242641
ENSG00000271782.1 1 50902977 50902978
ENSG00000185104.15 1 51425934 51425935
ENSG00000123080.6 1 51426416 51426417
ENSG00000123091.4 1 51701942 51701943
ENSG00000227070.1 1 51983980 51983981
ENSG00000085832.12 1 51984999 51985000
ENSG00000117859.14 1 52042850 52042851
ENSG00000266993.1 1 52259636 52259637
ENSG00000212076.1 1 52302081 52302082
ENSG00000078618.15 1 52344476 52344477
ENSG00000223390.1 1 52499062 52499063
ENSG00000198841.3 1 52499487 52499488
ENSG00000134717.13 1 52521796 52521797
ENSG00000117862.7 1 52521842 52521843
ENSG00000157077.10 1 52608045 52608046
ENSG00000228407.2 1 52626271 52626272
ENSG00000213735.2 1 52719292 52719293
ENSG00000272100.1 1 52819158 52819159
ENSG00000154222.10 1 52831864 52831865
ENSG00000224680.4 1 52834348 52834349
ENSG00000134748.12 1 52870235 52870236
ENSG00000239063.1 1 52877113 52877114
ENSG00000134744.9 1 53019158 53019159
ENSG00000116157.5 1 53068043 53068044
ENSG00000162377.4 1 53164037 53164038
ENSG00000162378.8 1 53192125 53192126
ENSG00000228929.1 1 53238319 53238320
ENSG00000230953.2 1 53386093 53386094
ENSG00000121310.12 1 53392883 53392884
ENSG00000116171.12 1 53392900 53392901
ENSG00000236360.1 1 53459373 53459374
ENSG00000226147.1 1 53460397 53460398
ENSG00000174348.9 1 53527853 53527854
ENSG00000227644.2 1 53539060 53539061
ENSG00000232993.1 1 53551173 53551174
ENSG00000235563.1 1 53580247 53580248
ENSG00000162383.7 1 53608288 53608289
ENSG00000157184.5 1 53662100 53662101
ENSG00000236723.1 1 53679446 53679447
ENSG00000162384.9 1 53686288 53686289
ENSG00000162385.6 1 53704281 53704282
ENSG00000226754.1 1 53704281 53704282
ENSG00000270172.1 1 53710211 53710212
ENSG00000157193.10 1 53793741 53793742
ENSG00000230138.1 1 53833916 53833917
ENSG00000174332.3 1 54199876 54199877
ENSG00000058804.10 1 54304532 54304533
ENSG00000058799.9 1 54356406 54356407
ENSG00000081870.7 1 54411601 54411602
ENSG00000116212.10 1 54411749 54411750
ENSG00000272091.1 1 54494171 54494172
ENSG00000203276.2 1 54500552 54500553
ENSG00000116209.7 1 54519176 54519177
ENSG00000116205.6 1 54519259 54519260
ENSG00000237611.1 1 54565896 54565897
ENSG00000212670.1 1 54569967 54569968
ENSG00000248835.2 1 54637996 54637997
ENSG00000116221.11 1 54649713 54649714
ENSG00000215883.5 1 54665708 54665709
ENSG00000256407.1 1 54665745 54665746
ENSG00000198711.4 1 54703709 54703710
ENSG00000157216.11 1 54879151 54879152
ENSG00000162390.13 1 55007929 55007930
ENSG00000162391.7 1 55089228 55089229
ENSG00000271723.1 1 55107458 55107459
ENSG00000184313.15 1 55107462 55107463
ENSG00000243725.2 1 55181494 55181495
ENSG00000162396.5 1 55230186 55230187
ENSG00000242396.1 1 55352547 55352548
ENSG00000116133.7 1 55352890 55352891
ENSG00000162402.8 1 55680785 55680786
ENSG00000162407.8 1 57110973 57110974
ENSG00000162409.6 1 57110994 57110995
ENSG00000162600.7 1 59012473 59012474
ENSG00000184292.5 1 59043165 59043166
ENSG00000185839.2 1 59097201 59097202
ENSG00000162601.5 1 59165763 59165764
ENSG00000177606.5 1 59249784 59249785
ENSG00000234807.4 1 59250822 59250823
ENSG00000232453.1 1 59362374 59362375
ENSG00000230812.1 1 59486058 59486059
ENSG00000224609.2 1 59664292 59664293
ENSG00000172456.12 1 59762309 59762310
ENSG00000134709.6 1 60280457 60280458
ENSG00000134716.5 1 60392461 60392462
ENSG00000162599.11 1 61330930 61330931
ENSG00000162604.8 1 62191094 62191095
ENSG00000271200.1 1 62208095 62208096
ENSG00000132849.14 1 62208148 62208149
ENSG00000132854.14 1 62785084 62785085
ENSG00000162607.8 1 62901967 62901968
ENSG00000116641.11 1 63153968 63153969
ENSG00000125703.10 1 63249805 63249806
ENSG00000088035.11 1 63833260 63833261
ENSG00000203965.8 1 63989042 63989043
ENSG00000116652.5 1 64014587 64014588
ENSG00000079739.11 1 64058946 64058947
ENSG00000142856.12 1 64059391 64059392
ENSG00000244256.2 1 64121413 64121414
ENSG00000185483.7 1 64239692 64239693
ENSG00000158966.9 1 64936427 64936428
ENSG00000162437.10 1 65210777 65210778
ENSG00000162434.7 1 65432186 65432187
ENSG00000185031.6 1 65451769 65451770
ENSG00000226891.2 1 65468158 65468159
ENSG00000272506.1 1 65469769 65469770
ENSG00000265996.1 1 65523524 65523525
ENSG00000162433.10 1 65613231 65613232
ENSG00000116678.14 1 65886247 65886248
ENSG00000213625.4 1 65886269 65886270
ENSG00000184588.13 1 66258196 66258197
ENSG00000118473.17 1 66999065 66999066
ENSG00000152760.5 1 67218141 67218142
ENSG00000198160.10 1 67390577 67390578
ENSG00000116704.6 1 67519781 67519782
ENSG00000081985.6 1 67773046 67773047
ENSG00000142864.10 1 67896097 67896098
ENSG00000116717.7 1 68150743 68150744
ENSG00000232284.3 1 68297985 68297986
ENSG00000172380.5 1 68299149 68299150
ENSG00000162595.4 1 68517313 68517314
ENSG00000116729.9 1 68698802 68698803
ENSG00000229133.1 1 68708737 68708738
ENSG00000066557.5 1 70671302 70671303
ENSG00000116754.9 1 70671364 70671365
ENSG00000118454.8 1 70820416 70820417
ENSG00000197568.9 1 70820487 70820488
ENSG00000116761.7 1 70876900 70876901
ENSG00000271992.1 1 70910753 70910754
ENSG00000235782.1 1 71413061 71413062
ENSG00000269933.1 1 71472184 71472185
ENSG00000050628.16 1 71513490 71513491
ENSG00000235079.1 1 71514537 71514538
ENSG00000207721.1 1 71533398 71533399
ENSG00000132485.8 1 71546979 71546980
ENSG00000233994.2 1 72740234 72740235
ENSG00000172260.9 1 72748416 72748417
ENSG00000254685.2 1 74663895 74663896
ENSG00000259030.2 1 74663918 74663919
ENSG00000116783.10 1 74663946 74663947
ENSG00000272864.1 1 75165016 75165017
ENSG00000162623.11 1 75198835 75198836
ENSG00000116791.9 1 75199091 75199092
ENSG00000117054.9 1 76190035 76190036
ENSG00000181227.2 1 76210460 76210461
ENSG00000137955.11 1 76251878 76251879
ENSG00000206620.1 1 76252756 76252757
ENSG00000207241.1 1 76253573 76253574
ENSG00000201487.1 1 76255161 76255162
ENSG00000184005.9 1 76540403 76540404
ENSG00000226415.1 1 77165473 77165474
ENSG00000226084.4 1 77594767 77594768
ENSG00000228187.1 1 77660509 77660510
ENSG00000142892.10 1 77685114 77685115
ENSG00000036549.8 1 78149103 78149104
ENSG00000077254.10 1 78225536 78225537
ENSG00000180488.10 1 78245308 78245309
ENSG00000219201.3 1 78277620 78277621
ENSG00000162614.14 1 78354197 78354198
ENSG00000235927.2 1 78355223 78355224
ENSG00000162613.12 1 78444793 78444794
ENSG00000162616.8 1 78444858 78444859
ENSG00000137960.5 1 78445225 78445226
ENSG00000273338.1 1 78470237 78470238
ENSG00000122420.5 1 78769567 78769568
ENSG00000137959.11 1 79085606 79085607
ENSG00000137965.6 1 79115480 79115481
ENSG00000162618.8 1 79472402 79472403
ENSG00000230787.1 1 79521739 79521740
ENSG00000117114.15 1 81771844 81771845
ENSG00000137941.12 1 84464832 84464833
ENSG00000271576.1 1 84543613 84543614
ENSG00000142875.15 1 84543744 84543745
ENSG00000137976.7 1 84864214 84864215
ENSG00000117133.6 1 84944941 84944942
ENSG00000122432.12 1 84971973 84971974
ENSG00000174021.6 1 84972247 84972248
ENSG00000117151.8 1 85040162 85040163
ENSG00000117155.12 1 85156485 85156486
ENSG00000153898.8 1 85462795 85462796
ENSG00000055732.8 1 85514181 85514182
ENSG00000097096.8 1 85666728 85666729
ENSG00000162642.9 1 85725354 85725355
ENSG00000142867.8 1 85742772 85742773
ENSG00000153904.14 1 86043932 86043933
ENSG00000272691.1 1 86044424 86044425
ENSG00000142871.11 1 86046443 86046444
ENSG00000117174.6 1 86174115 86174116
ENSG00000122417.11 1 86862022 86862023
ENSG00000137975.7 1 86889768 86889769
ENSG00000236915.1 1 87158885 87158886
ENSG00000261737.1 1 87170144 87170145
ENSG00000097033.10 1 87170258 87170259
ENSG00000183291.11 1 87380106 87380107
ENSG00000153936.12 1 87380330 87380331
ENSG00000267561.1 1 87458691 87458692
ENSG00000225568.1 1 87511557 87511558
ENSG00000267272.1 1 87595447 87595448
ENSG00000143013.8 1 87794150 87794151
ENSG00000065243.14 1 89149904 89149905
ENSG00000241975.1 1 89294784 89294785
ENSG00000137947.7 1 89357626 89357627
ENSG00000137944.12 1 89458635 89458636
ENSG00000213516.5 1 89458642 89458643
ENSG00000117226.7 1 89488576 89488577
ENSG00000117228.9 1 89531042 89531043
ENSG00000234518.1 1 89570449 89570450
ENSG00000162645.8 1 89616138 89616139
ENSG00000162654.8 1 89664614 89664615
ENSG00000237568.1 1 89726264 89726265
ENSG00000154451.10 1 89738543 89738544
ENSG00000225492.2 1 89873237 89873238
ENSG00000197147.8 1 89990394 89990395
ENSG00000231999.2 1 90098452 90098453
ENSG00000171488.10 1 90098630 90098631
ENSG00000271949.1 1 90098698 90098699
ENSG00000231613.1 1 90254472 90254473
ENSG00000171492.10 1 90286572 90286573
ENSG00000228175.2 1 90459879 90459880
ENSG00000162664.12 1 90460670 90460671
ENSG00000233593.2 1 91317206 91317207
ENSG00000232882.1 1 91359168 91359169
ENSG00000122482.16 1 91487828 91487829
ENSG00000097046.8 1 91966407 91966408
ENSG00000069702.6 1 92371891 92371892
ENSG00000230667.4 1 92540967 92540968
ENSG00000189195.5 1 92545861 92545862
ENSG00000069712.9 1 92632541 92632542
ENSG00000273487.1 1 92654793 92654794
ENSG00000122484.8 1 92764521 92764522
ENSG00000174842.12 1 92764543 92764544
ENSG00000162676.7 1 92952432 92952433
ENSG00000067208.10 1 93257960 93257961
ENSG00000122406.8 1 93297581 93297582
ENSG00000206680.1 1 93302845 93302846
ENSG00000251795.1 1 93303574 93303575
ENSG00000207523.1 1 93306275 93306276
ENSG00000154511.7 1 93427056 93427057
ENSG00000143033.13 1 93544791 93544792
ENSG00000122483.13 1 93645475 93645476
ENSG00000117500.8 1 93646284 93646285
ENSG00000117505.8 1 93811444 93811445
ENSG00000223745.3 1 93811581 93811582
ENSG00000137942.12 1 93913687 93913688
ENSG00000224093.1 1 94057755 94057756
ENSG00000211575.1 1 94312387 94312388
ENSG00000137936.12 1 94312705 94312706
ENSG00000260464.1 1 94312729 94312730
ENSG00000067334.9 1 94345473 94345474
ENSG00000023909.5 1 94374965 94374966
ENSG00000137962.8 1 94740623 94740624
ENSG00000117528.7 1 94883932 94883933
ENSG00000117525.9 1 95007355 95007356
ENSG00000244433.2 1 95139716 95139717
ENSG00000224081.3 1 95285836 95285837
ENSG00000143036.12 1 95285897 95285898
ENSG00000117519.11 1 95392833 95392834
ENSG00000235501.1 1 95393121 95393122
ENSG00000172339.9 1 95538500 95538501
ENSG00000152078.5 1 95582893 95582894
ENSG00000271092.1 1 95583478 95583479
ENSG00000122481.12 1 95699710 95699711
ENSG00000228852.2 1 95729609 95729610
ENSG00000228971.2 1 95975671 95975672
ENSG00000228502.1 1 96912485 96912486
ENSG00000137970.7 1 97145175 97145176
ENSG00000117569.14 1 97187220 97187221
ENSG00000232878.1 1 97561478 97561479
ENSG00000228057.1 1 98011256 98011257
ENSG00000188641.8 1 98386604 98386605
ENSG00000162627.12 1 99127235 99127236
ENSG00000227034.1 1 99473773 99473774
ENSG00000117600.8 1 99729508 99729509
ENSG00000099260.6 1 100111498 100111499
ENSG00000223656.1 1 100163797 100163798
ENSG00000156869.8 1 100232186 100232187
ENSG00000162688.11 1 100315639 100315640
ENSG00000117620.8 1 100435344 100435345
ENSG00000228084.1 1 100435419 100435420
ENSG00000261254.1 1 100496121 100496122
ENSG00000156875.9 1 100503652 100503653
ENSG00000241073.1 1 100550026 100550027
ENSG00000156876.8 1 100598510 100598511
ENSG00000122435.5 1 100598705 100598706
ENSG00000122477.8 1 100643770 100643771
ENSG00000137992.10 1 100715389 100715390
ENSG00000224616.1 1 100731675 100731676
ENSG00000137996.8 1 100731762 100731763
ENSG00000079335.13 1 100810583 100810584
ENSG00000234332.1 1 100859581 100859582
ENSG00000228086.1 1 100951552 100951553
ENSG00000181656.6 1 101003692 101003693
ENSG00000162692.6 1 101185297 101185298
ENSG00000273204.1 1 101360483 101360484
ENSG00000162694.9 1 101361553 101361554
ENSG00000162695.7 1 101361631 101361632
ENSG00000269175.1 1 101455760 101455761
ENSG00000233184.2 1 101491433 101491434
ENSG00000117543.15 1 101491643 101491644
ENSG00000225938.1 1 101702083 101702084
ENSG00000170989.8 1 101702443 101702444
ENSG00000260940.1 1 101708713 101708714
ENSG00000228399.1 1 101721829 101721830
ENSG00000183298.4 1 102254058 102254059
ENSG00000185946.11 1 104068312 104068313
ENSG00000240038.2 1 104096436 104096437
ENSG00000236085.1 1 104112174 104112175
ENSG00000227850.1 1 106240660 106240661
ENSG00000232952.1 1 106434360 106434361
ENSG00000198890.6 1 107599266 107599267
ENSG00000162631.14 1 107682628 107682629
ENSG00000224550.1 1 108047824 108047825
ENSG00000134215.11 1 108507765 108507766
ENSG00000260879.1 1 108742547 108742548
ENSG00000085491.11 1 108743470 108743471
ENSG00000162636.11 1 109102710 109102711
ENSG00000162639.11 1 109204147 109204148
ENSG00000134186.7 1 109234944 109234945
ENSG00000116266.6 1 109289295 109289296
ENSG00000121957.8 1 109417971 109417972
ENSG00000121940.11 1 109506110 109506111
ENSG00000244716.2 1 109534877 109534878
ENSG00000085433.11 1 109584849 109584850
ENSG00000197780.5 1 109618623 109618624
ENSG00000215717.5 1 109632424 109632425
ENSG00000273382.1 1 109633479 109633480
ENSG00000270066.2 1 109642814 109642815
ENSG00000031698.8 1 109756539 109756540
ENSG00000143126.7 1 109792640 109792641
ENSG00000134222.12 1 109825807 109825808
ENSG00000134243.7 1 109940572 109940573
ENSG00000143106.8 1 109969061 109969062
ENSG00000143028.7 1 110009179 110009180
ENSG00000162650.11 1 110026100 110026101
ENSG00000174151.10 1 110036673 110036674
ENSG00000181754.6 1 110052359 110052360
ENSG00000065135.7 1 110091232 110091233
ENSG00000225113.1 1 110138846 110138847
ENSG00000116337.11 1 110158725 110158726
ENSG00000228703.1 1 110172926 110172927
ENSG00000168765.11 1 110198702 110198703
ENSG00000213366.8 1 110210643 110210644
ENSG00000134184.8 1 110230435 110230436
ENSG00000260246.1 1 110236363 110236364
ENSG00000134201.6 1 110254863 110254864
ENSG00000241720.2 1 110268441 110268442
ENSG00000134202.6 1 110284383 110284384
ENSG00000184371.9 1 110452863 110452864
ENSG00000168710.13 1 110527307 110527308
ENSG00000143093.10 1 110574198 110574199
ENSG00000258634.2 1 110600961 110600962
ENSG00000156150.6 1 110613321 110613322
ENSG00000116396.9 1 110753964 110753965
ENSG00000162775.10 1 110881127 110881128
ENSG00000273373.1 1 110912775 110912776
ENSG00000224699.4 1 110925440 110925441
ENSG00000168679.13 1 110933703 110933704
ENSG00000134248.9 1 110950563 110950564
ENSG00000143125.5 1 110993821 110993822
ENSG00000270380.1 1 110999975 110999976
ENSG00000177301.9 1 111174095 111174096
ENSG00000259834.1 1 111199661 111199662
ENSG00000177272.7 1 111217654 111217655
ENSG00000143119.8 1 111415774 111415775
ENSG00000232811.1 1 111486088 111486089
ENSG00000273010.1 1 111505923 111505924
ENSG00000121931.11 1 111506700 111506701
ENSG00000134255.9 1 111682248 111682249
ENSG00000156171.10 1 111682837 111682838
ENSG00000272982.1 1 111724112 111724113
ENSG00000273221.1 1 111727682 111727683
ENSG00000064886.9 1 111743392 111743393
ENSG00000162777.12 1 111747156 111747157
ENSG00000173947.9 1 111888909 111888910
ENSG00000085465.11 1 111970398 111970399
ENSG00000260948.1 1 111975689 111975690
ENSG00000233337.1 1 111980135 111980136
ENSG00000243960.1 1 111983985 111983986
ENSG00000116459.6 1 111991485 111991486
ENSG00000116455.9 1 111991997 111991998
ENSG00000143110.7 1 112016413 112016414
ENSG00000116473.10 1 112084839 112084840
ENSG00000121933.13 1 112106583 112106584
ENSG00000231346.1 1 112151344 112151345
ENSG00000064703.7 1 112297866 112297867
ENSG00000197852.8 1 112298445 112298446
ENSG00000171385.5 1 112531776 112531777
ENSG00000231437.3 1 112532391 112532392
ENSG00000231246.1 1 112903149 112903150
ENSG00000143079.10 1 112938802 112938803
ENSG00000134245.13 1 113009162 113009163
ENSG00000273483.1 1 113061062 113061063
ENSG00000116489.8 1 113161794 113161795
ENSG00000007341.14 1 113163446 113163447
ENSG00000238975.1 1 113195209 113195210
ENSG00000155363.14 1 113215762 113215763
ENSG00000225075.1 1 113239242 113239243
ENSG00000155366.12 1 113250055 113250056
ENSG00000271810.1 1 113254054 113254055
ENSG00000155367.11 1 113258098 113258099
ENSG00000226419.2 1 113499036 113499037
ENSG00000155380.7 1 113499634 113499635
ENSG00000236066.1 1 113550875 113550876
ENSG00000238198.1 1 113615726 113615727
ENSG00000198799.7 1 113615830 113615831
ENSG00000237278.2 1 113669504 113669505
ENSG00000081026.14 1 113933370 113933371
ENSG00000232499.2 1 113992321 113992322
ENSG00000232450.1 1 114242252 114242253
ENSG00000116793.11 1 114302110 114302111
ENSG00000081019.9 1 114355097 114355098
ENSG00000226167.1 1 114399256 114399257
ENSG00000134242.11 1 114414380 114414381
ENSG00000118655.4 1 114447762 114447763
ENSG00000134262.8 1 114447822 114447823
ENSG00000163349.17 1 114471813 114471814
ENSG00000116774.7 1 114522062 114522063
ENSG00000197323.6 1 115053780 115053781
ENSG00000116752.5 1 115124259 115124260
ENSG00000175984.10 1 115213042 115213043
ENSG00000116748.15 1 115238238 115238239
ENSG00000213281.4 1 115259514 115259515
ENSG00000009307.11 1 115301296 115301297
ENSG00000052723.7 1 115323305 115323306
ENSG00000134198.5 1 115632120 115632121
ENSG00000228035.1 1 115825654 115825655
ENSG00000134259.3 1 115880856 115880857
ENSG00000173218.10 1 116184573 116184574
ENSG00000118729.10 1 116311401 116311402
ENSG00000163393.8 1 116519118 116519119
ENSG00000163399.11 1 116915289 116915290
ENSG00000269279.1 1 116926717 116926718
ENSG00000212385.1 1 116956490 116956491
ENSG00000203865.5 1 116961243 116961244
ENSG00000224950.1 1 117041833 117041834
ENSG00000177173.5 1 117076713 117076714
ENSG00000116815.11 1 117113660 117113661
ENSG00000143061.13 1 117210374 117210375
ENSG00000116824.4 1 117297006 117297007
ENSG00000225079.2 1 117318244 117318245
ENSG00000134247.9 1 117452678 117452679
ENSG00000116830.7 1 117602924 117602925
ENSG00000134253.5 1 117665208 117665209
ENSG00000271427.1 1 117908094 117908095
ENSG00000198162.8 1 117910070 117910071
ENSG00000183508.4 1 118148555 118148556
ENSG00000228217.1 1 118321127 118321128
ENSG00000196505.6 1 118472252 118472253
ENSG00000065183.11 1 118472342 118472343
ENSG00000092607.9 1 119532178 119532179
ENSG00000224238.2 1 119590027 119590028
ENSG00000231365.1 1 119683018 119683019
ENSG00000116874.7 1 119683293 119683294
ENSG00000226443.3 1 120077368 120077369
ENSG00000260941.1 1 120141893 120141894
ENSG00000143067.4 1 120190395 120190396
ENSG00000092621.7 1 120202420 120202421
ENSG00000261662.1 1 120453235 120453236
ENSG00000134250.13 1 120612239 120612240
ENSG00000273131.1 1 120697145 120697146
ENSG00000223345.3 1 120906027 120906028
ENSG00000198019.8 1 120935936 120935937
ENSG00000171943.7 1 121107123 121107124
ENSG00000269996.1 1 121133255 121133256
ENSG00000227082.1 1 121138613 121138614
ENSG00000203849.6 1 142729966 142729967
ENSG00000242676.3 1 142729970 142729971
ENSG00000232745.2 1 142803531 142803532
ENSG00000234978.1 1 142816003 142816004
ENSG00000196369.6 1 143913614 143913615
ENSG00000271644.1 1 144044081 144044082
ENSG00000231360.2 1 144339737 144339738
ENSG00000201699.1 1 144534037 144534038
ENSG00000225241.3 1 144593362 144593363
ENSG00000203843.3 1 144612682 144612683
ENSG00000215861.4 1 144679968 144679969
ENSG00000168614.13 1 144811743 144811744
ENSG00000254539.1 1 144835866 144835867
ENSG00000255148.2 1 144858173 144858174
ENSG00000254913.1 1 144874944 144874945
ENSG00000222788.1 1 144944671 144944672
ENSG00000272755.1 1 145018394 145018395
ENSG00000178104.15 1 145076185 145076186
ENSG00000223380.3 1 145096219 145096220
ENSG00000177144.5 1 145139568 145139569
ENSG00000213240.7 1 145209118 145209119
ENSG00000255168.1 1 145209144 145209145
ENSG00000163386.16 1 145289771 145289772
ENSG00000117289.7 1 145438468 145438469
ENSG00000121851.8 1 145470387 145470388
ENSG00000181039.7 1 145470507 145470508
ENSG00000152022.7 1 145477084 145477085
ENSG00000131795.8 1 145507597 145507598
ENSG00000234222.2 1 145508502 145508503
ENSG00000211451.7 1 145516075 145516076
ENSG00000131779.6 1 145516251 145516252
ENSG00000143127.8 1 145524890 145524891
ENSG00000198483.8 1 145549229 145549230
ENSG00000131788.11 1 145575232 145575233
ENSG00000186364.7 1 145589438 145589439
ENSG00000186141.4 1 145611024 145611025
ENSG00000121848.9 1 145611035 145611036
ENSG00000117281.11 1 145715613 145715614
ENSG00000117262.14 1 145827102 145827103
ENSG00000186275.7 1 146373545 146373546
ENSG00000234225.2 1 146475176 146475177
ENSG00000227242.2 1 146596106 146596107
ENSG00000131791.6 1 146644128 146644129
ENSG00000237188.3 1 146644349 146644350
ENSG00000273071.1 1 146644764 146644765
ENSG00000271721.1 1 146647180 146647181
ENSG00000180867.9 1 146649691 146649692
ENSG00000226015.2 1 146676512 146676513
ENSG00000131778.13 1 146714290 146714291
ENSG00000131781.8 1 146714699 146714700
ENSG00000116128.5 1 147013181 147013182
ENSG00000162836.7 1 147142617 147142618
ENSG00000234482.1 1 147229425 147229426
ENSG00000143140.6 1 147245483 147245484
ENSG00000227700.1 1 147718439 147718440
ENSG00000272824.1 1 147830814 147830815
ENSG00000122497.13 1 148025862 148025863
ENSG00000223612.2 1 148193171 148193172
ENSG00000207501.1 1 148241464 148241465
ENSG00000243452.3 1 148555978 148555979
ENSG00000223495.2 1 148854119 148854120
ENSG00000232527.3 1 148928321 148928322
ENSG00000226067.2 1 149284644 149284645
ENSG00000252105.1 1 149286321 149286322
ENSG00000235999.1 1 149287450 149287451
ENSG00000240929.2 1 149399225 149399226
ENSG00000273213.1 1 149400539 149400540
ENSG00000233368.2 1 149577295 149577296
ENSG00000202496.1 1 149605916 149605917
ENSG00000203815.2 1 149675977 149675978
ENSG00000272993.1 1 149817382 149817383
ENSG00000261716.1 1 149820590 149820591
ENSG00000184678.8 1 149858231 149858232
ENSG00000184260.4 1 149858524 149858525
ENSG00000178096.8 1 149859439 149859440
ENSG00000143368.9 1 149900235 149900236
ENSG00000014914.15 1 149908790 149908791
ENSG00000163113.10 1 149982624 149982625
ENSG00000136631.8 1 150039368 150039369
ENSG00000023902.9 1 150121372 150121373
ENSG00000143401.10 1 150208503 150208504
ENSG00000118292.4 1 150240599 150240600
ENSG00000117362.8 1 150241979 150241980
ENSG00000159208.11 1 150254952 150254953
ENSG00000187145.10 1 150266288 150266289
ENSG00000117360.8 1 150293924 150293925
ENSG00000163125.11 1 150335566 150335567
ENSG00000143374.10 1 150459886 150459887
ENSG00000143369.10 1 150480537 150480538
ENSG00000143382.9 1 150521883 150521884
ENSG00000225996.2 1 150521896 150521897
ENSG00000264553.1 1 150524404 150524405
ENSG00000237781.2 1 150530199 150530200
ENSG00000203804.3 1 150533968 150533969
ENSG00000264508.1 1 150539335 150539336
ENSG00000264584.1 1 150541744 150541745
ENSG00000143384.8 1 150552065 150552066
ENSG00000253047.1 1 150573134 150573135
ENSG00000143420.13 1 150602087 150602088
ENSG00000143457.6 1 150669629 150669630
ENSG00000163131.6 1 150738432 150738433
ENSG00000143387.8 1 150780798 150780799
ENSG00000143437.16 1 150849243 150849244
ENSG00000143379.8 1 150898738 150898739
ENSG00000259357.1 1 150937735 150937736
ENSG00000143418.15 1 150947478 150947479
ENSG00000143412.5 1 150954492 150954493
ENSG00000143409.11 1 150980850 150980851
ENSG00000143363.11 1 150980895 150980896
ENSG00000143443.9 1 151020215 151020216
ENSG00000213190.2 1 151030233 151030234
ENSG00000197622.8 1 151042800 151042801
ENSG00000143458.7 1 151043053 151043054
ENSG00000143434.11 1 151119103 151119104
ENSG00000163154.5 1 151129104 151129105
ENSG00000163156.7 1 151129139 151129140
ENSG00000163155.7 1 151138423 151138424
ENSG00000163159.7 1 151167796 151167797
ENSG00000143398.15 1 151170424 151170425
ENSG00000159352.11 1 151227178 151227179
ENSG00000143373.13 1 151254093 151254094
ENSG00000232671.2 1 151254404 151254405
ENSG00000143393.12 1 151300190 151300191
ENSG00000224645.1 1 151313123 151313124
ENSG00000237976.1 1 151319442 151319443
ENSG00000143390.13 1 151319832 151319833
ENSG00000143416.16 1 151345208 151345209
ENSG00000159377.6 1 151372009 151372010
ENSG00000143442.17 1 151431940 151431941
ENSG00000143375.10 1 151482985 151482986
ENSG00000143367.11 1 151512780 151512781
ENSG00000143376.8 1 151584540 151584541
ENSG00000269621.1 1 151728016 151728017
ENSG00000143450.10 1 151735444 151735445
ENSG00000143436.6 1 151736039 151736040
ENSG00000249602.1 1 151741976 151741977
ENSG00000203288.3 1 151763279 151763280
ENSG00000182134.11 1 151763891 151763892
ENSG00000143365.12 1 151804347 151804348
ENSG00000234614.1 1 151814352 151814353
ENSG00000196407.7 1 151826172 151826173
ENSG00000159445.8 1 151882283 151882284
ENSG00000197747.4 1 151966865 151966866
ENSG00000163191.5 1 152020382 152020383
ENSG00000232678.2 1 152050427 152050428
ENSG00000237975.2 1 152140600 152140601
ENSG00000244094.1 1 153085990 153085991
ENSG00000196805.6 1 153113926 153113927
ENSG00000163220.10 1 153330329 153330330
ENSG00000163221.7 1 153348124 153348125
ENSG00000143546.5 1 153363663 153363664
ENSG00000238279.1 1 153506078 153506079
ENSG00000197956.5 1 153508719 153508720
ENSG00000188015.5 1 153521847 153521848
ENSG00000196154.7 1 153522611 153522612
ENSG00000196754.6 1 153540365 153540366
ENSG00000188643.6 1 153585620 153585621
ENSG00000160678.7 1 153600401 153600402
ENSG00000160679.8 1 153606524 153606525
ENSG00000189171.9 1 153606567 153606568
ENSG00000271853.1 1 153606815 153606816
ENSG00000272030.1 1 153606872 153606873
ENSG00000143553.6 1 153631129 153631130
ENSG00000143621.12 1 153643523 153643524
ENSG00000169418.9 1 153651112 153651113
ENSG00000143624.9 1 153700542 153700543
ENSG00000243613.1 1 153723702 153723703
ENSG00000233222.2 1 153724651 153724652
ENSG00000238511.1 1 153726702 153726703
ENSG00000143554.9 1 153746829 153746830
ENSG00000143614.7 1 153895450 153895451
ENSG00000198837.5 1 153919171 153919172
ENSG00000160741.12 1 153931100 153931101
ENSG00000273026.1 1 153938991 153938992
ENSG00000143578.11 1 153940009 153940010
ENSG00000143570.13 1 153940187 153940188
ENSG00000143543.10 1 153950163 153950164
ENSG00000272654.1 1 153950218 153950219
ENSG00000143545.4 1 153958833 153958834
ENSG00000177954.7 1 153963234 153963235
ENSG00000264384.1 1 154139024 154139025
ENSG00000143549.15 1 154167123 154167124
ENSG00000143569.14 1 154192654 154192655
ENSG00000143612.14 1 154193103 154193104
ENSG00000252817.1 1 154226920 154226921
ENSG00000201129.1 1 154232202 154232203
ENSG00000143575.10 1 154244986 154244987
ENSG00000143515.12 1 154298028 154298029
ENSG00000160712.8 1 154377668 154377669
ENSG00000273110.1 1 154452487 154452488
ENSG00000169291.5 1 154474588 154474589
ENSG00000163239.8 1 154474694 154474695
ENSG00000229780.1 1 154526084 154526085
ENSG00000160714.5 1 154531503 154531504
ENSG00000160710.11 1 154600474 154600475
ENSG00000143603.14 1 154842755 154842756
ENSG00000163344.5 1 154909466 154909467
ENSG00000163346.12 1 154928598 154928599
ENSG00000271380.1 1 154934300 154934301
ENSG00000163348.3 1 154936328 154936329
ENSG00000160691.14 1 154946870 154946871
ENSG00000173207.8 1 154947128 154947129
ENSG00000264349.1 1 154948168 154948169
ENSG00000160688.14 1 154955813 154955814
ENSG00000160685.9 1 154975126 154975127
ENSG00000163354.10 1 155006256 155006257
ENSG00000232093.1 1 155018593 155018594
ENSG00000143537.9 1 155023041 155023042
ENSG00000243364.3 1 155036206 155036207
ENSG00000143590.9 1 155036223 155036224
ENSG00000251246.1 1 155036223 155036224
ENSG00000169242.7 1 155099935 155099936
ENSG00000169241.13 1 155107819 155107820
ENSG00000179085.7 1 155113070 155113071
ENSG00000163462.13 1 155145872 155145873
ENSG00000163463.7 1 155145950 155145951
ENSG00000273088.1 1 155159747 155159748
ENSG00000185499.12 1 155162706 155162707
ENSG00000231064.1 1 155166658 155166659
ENSG00000173171.10 1 155178489 155178490
ENSG00000169231.9 1 155178841 155178842
ENSG00000236263.1 1 155183609 155183610
ENSG00000160766.10 1 155197213 155197214
ENSG00000177628.11 1 155214489 155214490
ENSG00000160767.16 1 155225273 155225274
ENSG00000116521.6 1 155232220 155232221
ENSG00000143630.5 1 155247373 155247374
ENSG00000176444.14 1 155248281 155248282
ENSG00000160752.10 1 155278538 155278539
ENSG00000160753.11 1 155290686 155290687
ENSG00000225855.2 1 155293966 155293967
ENSG00000207720.1 1 155316235 155316236
ENSG00000235919.3 1 155531820 155531821
ENSG00000116539.6 1 155532597 155532598
ENSG00000271267.1 1 155536096 155536097
ENSG00000125459.10 1 155579978 155579979
ENSG00000203761.4 1 155581010 155581011
ENSG00000246203.2 1 155630035 155630036
ENSG00000132676.11 1 155657750 155657751
ENSG00000163374.15 1 155658790 155658791
ENSG00000116580.14 1 155829190 155829191
ENSG00000132718.7 1 155829299 155829300
ENSG00000143622.6 1 155881194 155881195
ENSG00000207475.1 1 155889835 155889836
ENSG00000252808.1 1 155895876 155895877
ENSG00000132680.6 1 155904190 155904191
ENSG00000273002.1 1 155948589 155948590
ENSG00000116584.13 1 155976860 155976861
ENSG00000163479.9 1 155990749 155990750
ENSG00000160803.7 1 156023584 156023585
ENSG00000116586.7 1 156024542 156024543
ENSG00000160789.15 1 156052363 156052364
ENSG00000196189.8 1 156117156 156117157
ENSG00000160785.9 1 156163879 156163880
ENSG00000260238.1 1 156182772 156182773
ENSG00000160783.15 1 156182783 156182784
ENSG00000242252.1 1 156211752 156211753
ENSG00000160781.11 1 156217880 156217881
ENSG00000198952.7 1 156252619 156252620
ENSG00000163472.14 1 156252725 156252726
ENSG00000198715.7 1 156265462 156265463
ENSG00000163468.10 1 156337663 156337664
ENSG00000116604.13 1 156470619 156470620
ENSG00000163382.7 1 156561553 156561554
ENSG00000160818.12 1 156571287 156571288
ENSG00000132688.10 1 156647188 156647189
ENSG00000143320.4 1 156675607 156675608
ENSG00000143303.7 1 156698233 156698234
ENSG00000143319.12 1 156698590 156698591
ENSG00000143314.8 1 156711381 156711382
ENSG00000143294.10 1 156720401 156720402
ENSG00000143321.14 1 156736716 156736717
ENSG00000198400.7 1 156785431 156785432
ENSG00000027869.7 1 156786653 156786654
ENSG00000027644.4 1 156828809 156828810
ENSG00000187800.9 1 156863489 156863490
ENSG00000132694.14 1 157015161 157015162
ENSG00000237842.2 1 157030553 157030554
ENSG00000224520.2 1 157043048 157043049
ENSG00000117036.7 1 157108265 157108266
ENSG00000183853.13 1 157963062 157963063
ENSG00000227295.2 1 158147544 158147545
ENSG00000158473.6 1 158149736 158149737
ENSG00000158481.8 1 158259575 158259576
ENSG00000158485.6 1 158301320 158301321
ENSG00000158488.11 1 158323253 158323254
ENSG00000231434.1 1 158493461 158493462
ENSG00000163563.7 1 158801106 158801107
ENSG00000163564.10 1 158900585 158900586
ENSG00000163565.14 1 158969757 158969758
ENSG00000163568.9 1 159116885 159116886
ENSG00000162706.8 1 159141398 159141399
ENSG00000213088.5 1 159173096 159173097
ENSG00000225670.3 1 159177762 159177763
ENSG00000179639.6 1 159259503 159259504
ENSG00000158716.4 1 159750721 159750722
ENSG00000181036.9 1 159770300 159770301
ENSG00000158714.6 1 159796539 159796540
ENSG00000188004.5 1 159825136 159825137
ENSG00000272668.1 1 159836743 159836744
ENSG00000158710.10 1 159895521 159895522
ENSG00000085552.12 1 159915385 159915386
ENSG00000162723.5 1 159924043 159924044
ENSG00000224259.1 1 159931007 159931008
ENSG00000260766.1 1 159996583 159996584
ENSG00000143315.5 1 160001782 160001783
ENSG00000162729.9 1 160068732 160068733
ENSG00000018625.10 1 160085548 160085549
ENSG00000143318.8 1 160160284 160160285
ENSG00000162734.8 1 160175126 160175127
ENSG00000265381.1 1 160175166 160175167
ENSG00000227741.1 1 160178658 160178659
ENSG00000228606.1 1 160231533 160231534
ENSG00000224261.2 1 160237014 160237015
ENSG00000258465.2 1 160254919 160254920
ENSG00000132716.14 1 160254919 160254920
ENSG00000162735.14 1 160256137 160256138
ENSG00000235082.2 1 160287192 160287193
ENSG00000202078.1 1 160296005 160296006
ENSG00000162736.11 1 160313061 160313062
ENSG00000122218.10 1 160313189 160313190
ENSG00000162738.5 1 160370375 160370376
ENSG00000162739.9 1 160493051 160493052
ENSG00000264286.1 1 160515534 160515535
ENSG00000066294.10 1 160549305 160549306
ENSG00000117090.10 1 160617084 160617085
ENSG00000228863.4 1 160640567 160640568
ENSG00000117091.5 1 160681640 160681641
ENSG00000026751.12 1 160709036 160709037
ENSG00000122223.8 1 160832691 160832692
ENSG00000179914.4 1 160854959 160854960
ENSG00000213080.3 1 160864769 160864770
ENSG00000198358.4 1 160902254 160902255
ENSG00000158764.6 1 160924588 160924589
ENSG00000158769.13 1 160991137 160991138
ENSG00000270149.1 1 161008751 161008752
ENSG00000215845.6 1 161008779 161008780
ENSG00000158773.10 1 161015766 161015767
ENSG00000186517.9 1 161039759 161039760
ENSG00000162755.9 1 161068150 161068151
ENSG00000158793.9 1 161087875 161087876
ENSG00000143256.4 1 161087900 161087901
ENSG00000158796.12 1 161102477 161102478
ENSG00000143222.7 1 161122565 161122566
ENSG00000224985.1 1 161129138 161129139
ENSG00000143258.11 1 161129239 161129240
ENSG00000143224.13 1 161136199 161136200
ENSG00000158850.10 1 161147286 161147287
ENSG00000158864.8 1 161166893 161166894
ENSG00000158859.9 1 161168845 161168846
ENSG00000158869.6 1 161185023 161185024
ENSG00000158882.8 1 161195792 161195793
ENSG00000263548.1 1 161196975 161196976
ENSG00000143257.7 1 161208091 161208092
ENSG00000248485.1 1 161228516 161228517
ENSG00000158887.11 1 161279761 161279762
ENSG00000143252.10 1 161284046 161284047
ENSG00000188931.3 1 161337663 161337664
ENSG00000235477.2 1 161337811 161337812
ENSG00000273075.1 1 161344551 161344552
ENSG00000143226.9 1 161475219 161475220
ENSG00000273112.1 1 161482965 161482966
ENSG00000173110.6 1 161494035 161494036
ENSG00000072694.14 1 161551100 161551101
ENSG00000244682.3 1 161551128 161551129
ENSG00000225217.1 1 161576080 161576081
ENSG00000203747.5 1 161600916 161600917
ENSG00000162747.5 1 161601752 161601753
ENSG00000234211.1 1 161644613 161644614
ENSG00000162746.10 1 161691352 161691353
ENSG00000081721.7 1 161719547 161719548
ENSG00000118217.5 1 161736083 161736084
ENSG00000229808.1 1 161860622 161860623
ENSG00000162745.6 1 161993643 161993644
ENSG00000254706.1 1 162335196 162335197
ENSG00000239887.3 1 162336697 162336698
ENSG00000152332.11 1 162467040 162467041
ENSG00000117143.9 1 162531322 162531323
ENSG00000272574.1 1 162562892 162562893
ENSG00000162733.12 1 162601162 162601163
ENSG00000132196.9 1 162760491 162760492
ENSG00000117152.9 1 163038564 163038565
ENSG00000143248.8 1 163291576 163291577
ENSG00000232995.3 1 163291683 163291684
ENSG00000185630.14 1 164524820 164524821
ENSG00000269887.1 1 164649321 164649322
ENSG00000162761.10 1 165325951 165325952
ENSG00000143171.8 1 165414432 165414433
ENSG00000143198.8 1 165600097 165600098
ENSG00000206990.1 1 165631923 165631924
ENSG00000143149.8 1 165668099 165668100
ENSG00000143179.8 1 165796767 165796768
ENSG00000143183.12 1 165796991 165796992
ENSG00000236364.2 1 165869919 165869920
ENSG00000267884.1 1 166028708 166028709
ENSG00000188859.5 1 166136205 166136206
ENSG00000215835.2 1 166246833 166246834
ENSG00000143157.7 1 166808680 166808681
ENSG00000225171.2 1 166837984 166837985
ENSG00000152382.5 1 166845563 166845564
ENSG00000143195.8 1 166944718 166944719
ENSG00000272205.1 1 167189748 167189749
ENSG00000143190.17 1 167190065 167190066
ENSG00000233411.1 1 167427897 167427898
ENSG00000273160.1 1 167429127 167429128
ENSG00000198821.6 1 167487846 167487847
ENSG00000143162.7 1 167523003 167523004
ENSG00000198771.6 1 167599329 167599330
ENSG00000197965.7 1 167690428 167690429
ENSG00000143164.11 1 167905020 167905021
ENSG00000143158.6 1 167906277 167906278
ENSG00000224837.1 1 168025659 168025660
ENSG00000143147.10 1 168106820 168106821
ENSG00000143155.8 1 168148170 168148171
ENSG00000213064.5 1 168195175 168195176
ENSG00000214262.4 1 168216580 168216581
ENSG00000143178.8 1 168250277 168250278
ENSG00000143185.3 1 168513234 168513235
ENSG00000143184.4 1 168545710 168545711
ENSG00000143196.4 1 168698501 168698502
ENSG00000143153.8 1 169074934 169074935
ENSG00000143156.9 1 169337204 169337205
ENSG00000117475.9 1 169337207 169337208
ENSG00000234604.2 1 169443396 169443397
ENSG00000117479.8 1 169455240 169455241
ENSG00000213062.3 1 169455379 169455380
ENSG00000198734.6 1 169555825 169555826
ENSG00000174175.12 1 169599430 169599431
ENSG00000000460.12 1 169631244 169631245
ENSG00000188404.4 1 169680838 169680839
ENSG00000007908.11 1 169733845 169733846
ENSG00000171806.7 1 169764106 169764107
ENSG00000239494.2 1 169828896 169828897
ENSG00000000457.9 1 169863407 169863408
ENSG00000232959.1 1 169993217 169993218
ENSG00000075945.8 1 170054348 170054349
ENSG00000120370.8 1 170501269 170501270
ENSG00000116132.7 1 170631868 170631869
ENSG00000007933.8 1 171060017 171060018
ENSG00000094963.9 1 171154346 171154347
ENSG00000225243.1 1 171196926 171196927
ENSG00000010932.11 1 171217637 171217638
ENSG00000076258.5 1 171283346 171283347
ENSG00000225704.2 1 171314227 171314228
ENSG00000268062.1 1 171314445 171314446
ENSG00000117523.11 1 171454650 171454651
ENSG00000034971.10 1 171621822 171621823
ENSG00000233328.3 1 171640078 171640079
ENSG00000117533.10 1 171711386 171711387
ENSG00000010165.15 1 171750787 171750788
ENSG00000197959.9 1 171810620 171810621
ENSG00000207949.1 1 172108046 172108047
ENSG00000208024.1 1 172113783 172113784
ENSG00000230630.1 1 172113933 172113934
ENSG00000135845.5 1 172413229 172413230
ENSG00000094975.9 1 172501488 172501489
ENSG00000117560.6 1 172628153 172628154
ENSG00000117586.6 1 173176451 173176452
ENSG00000203739.3 1 173430500 173430501
ENSG00000117592.8 1 173446404 173446405
ENSG00000076321.6 1 173684079 173684080
ENSG00000117593.8 1 173793640 173793641
ENSG00000120334.11 1 173793857 173793858
ENSG00000270084.1 1 173832385 173832386
ENSG00000208317.1 1 173834823 173834824
ENSG00000185278.10 1 173837219 173837220
ENSG00000234741.3 1 173838019 173838020
ENSG00000135870.7 1 173991434 173991435
ENSG00000152061.17 1 174128547 174128548
ENSG00000116161.13 1 174968299 174968300
ENSG00000120333.4 1 174992560 174992561
ENSG00000120332.11 1 175036993 175036994
ENSG00000235750.5 1 175162134 175162135
ENSG00000230777.1 1 175891110 175891111
ENSG00000143207.15 1 176176628 176176629
ENSG00000152092.11 1 177134108 177134109
ENSG00000198797.6 1 177140632 177140633
ENSG00000224968.1 1 177320721 177320722
ENSG00000120341.14 1 177953437 177953438
ENSG00000242193.5 1 178007084 178007085
ENSG00000254154.4 1 178007141 178007142
ENSG00000075391.12 1 178062863 178062864
ENSG00000224687.1 1 178063118 178063119
ENSG00000213058.3 1 178380750 178380751
ENSG00000260938.1 1 178449741 178449742
ENSG00000213057.4 1 178511886 178511887
ENSG00000184909.8 1 178511949 178511950
ENSG00000116191.13 1 178694299 178694300
ENSG00000116194.8 1 178840186 178840187
ENSG00000116199.7 1 178994938 178994939
ENSG00000186283.9 1 179050511 179050512
ENSG00000143322.15 1 179198818 179198819
ENSG00000057252.8 1 179262924 179262925
ENSG00000227141.2 1 179555839 179555840
ENSG00000258664.1 1 179834310 179834311
ENSG00000169905.8 1 179846937 179846938
ENSG00000143337.14 1 179851176 179851177
ENSG00000272906.1 1 179851729 179851730
ENSG00000135837.11 1 179923872 179923873
ENSG00000116260.12 1 180123968 180123969
ENSG00000121454.4 1 180199420 180199421
ENSG00000230124.2 1 180245358 180245359
ENSG00000135847.5 1 180472088 180472089
ENSG00000143324.9 1 180601139 180601140
ENSG00000135835.6 1 180882289 180882290
ENSG00000232586.1 1 180924022 180924023
ENSG00000243155.1 1 180945617 180945618
ENSG00000135823.9 1 180992046 180992047
ENSG00000153029.10 1 181003066 181003067
ENSG00000162783.8 1 181057637 181057638
ENSG00000272198.1 1 181060244 181060245
ENSG00000231684.2 1 182305135 182305136
ENSG00000135821.12 1 182361340 182361341
ENSG00000135828.7 1 182558390 182558391
ENSG00000143333.6 1 182573542 182573543
ENSG00000135838.9 1 182758427 182758428
ENSG00000135829.12 1 182808503 182808504
ENSG00000224040.1 1 182911538 182911539
ENSG00000135862.5 1 182992594 182992595
ENSG00000224468.3 1 183110416 183110417
ENSG00000058085.10 1 183155372 183155373
ENSG00000157064.6 1 183387736 183387737
ENSG00000116698.16 1 183441350 183441351
ENSG00000116701.10 1 183560010 183560011
ENSG00000162704.11 1 183604891 183604892
ENSG00000143344.11 1 183605219 183605220
ENSG00000198756.6 1 184006862 184006863
ENSG00000198860.7 1 184020810 184020811
ENSG00000271387.1 1 184355837 184355838
ENSG00000116667.8 1 184356191 184356192
ENSG00000116406.14 1 184724046 184724047
ENSG00000135842.12 1 184943681 184943682
ENSG00000121481.6 1 185014495 185014496
ENSG00000121486.7 1 185126203 185126204
ENSG00000116668.8 1 185126211 185126212
ENSG00000231084.2 1 185140841 185140842
ENSG00000213051.3 1 185196831 185196832
ENSG00000116679.11 1 185286460 185286461
ENSG00000143341.7 1 185703682 185703683
ENSG00000116690.7 1 186265404 186265405
ENSG00000202025.1 1 186281059 186281060
ENSG00000047410.9 1 186344824 186344825
ENSG00000157181.10 1 186344889 186344890
ENSG00000262180.1 1 186369703 186369704
ENSG00000073756.7 1 186649558 186649559
ENSG00000273129.1 1 186649753 186649754
ENSG00000116711.8 1 186798084 186798085
ENSG00000150681.5 1 192127586 192127587
ENSG00000226723.2 1 192216616 192216617
ENSG00000236792.1 1 192216634 192216635
ENSG00000090104.7 1 192544856 192544857
ENSG00000231767.2 1 192685312 192685313
ENSG00000116741.6 1 192778168 192778169
ENSG00000116747.8 1 193028551 193028552
ENSG00000116750.9 1 193029236 193029237
ENSG00000272579.1 1 193060685 193060686
ENSG00000023572.4 1 193075243 193075244
ENSG00000134371.9 1 193091146 193091147
ENSG00000162630.5 1 193155783 193155784
ENSG00000162687.12 1 196578354 196578355
ENSG00000000971.11 1 196621007 196621008
ENSG00000177888.7 1 197169671 197169672
ENSG00000213047.7 1 197744825 197744826
ENSG00000203724.6 1 197871776 197871777
ENSG00000151414.10 1 198126092 198126093
ENSG00000081237.14 1 198607800 198607801
ENSG00000116833.9 1 199996729 199996730
ENSG00000162702.7 1 200379183 200379184
ENSG00000260088.1 1 200638634 200638635
ENSG00000118197.9 1 200639096 200639097
ENSG00000118200.10 1 200708685 200708686
ENSG00000116852.10 1 200992827 200992828
ENSG00000116857.12 1 201140701 201140702
ENSG00000081277.7 1 201252579 201252580
ENSG00000224818.1 1 201434273 201434274
ENSG00000174307.5 1 201438364 201438365
ENSG00000224536.1 1 201476368 201476369
ENSG00000159176.9 1 201478583 201478584
ENSG00000223396.2 1 201487830 201487831
ENSG00000242150.2 1 201489183 201489184
ENSG00000269690.1 1 201592012 201592013
ENSG00000134369.11 1 201592410 201592411
ENSG00000198700.5 1 201798268 201798269
ENSG00000231871.1 1 201798686 201798687
ENSG00000198892.6 1 201857807 201857808
ENSG00000223774.1 1 201862969 201862970
ENSG00000163431.11 1 201915714 201915715
ENSG00000134375.6 1 201924618 201924619
ENSG00000176393.6 1 201951499 201951500
ENSG00000273478.1 1 201965479 201965480
ENSG00000234678.1 1 201979480 201979481
ENSG00000143862.3 1 202113868 202113869
ENSG00000143851.11 1 202130715 202130716
ENSG00000077152.5 1 202311107 202311108
ENSG00000077157.16 1 202317826 202317827
ENSG00000236439.3 1 202441257 202441258
ENSG00000226862.1 1 202573395 202573396
ENSG00000235449.2 1 202736545 202736546
ENSG00000117139.12 1 202778597 202778598
ENSG00000228288.2 1 202780081 202780082
ENSG00000183155.4 1 202858262 202858263
ENSG00000117153.11 1 202897763 202897764
ENSG00000159346.8 1 202927699 202927700
ENSG00000159348.8 1 202936407 202936408
ENSG00000163444.7 1 202976513 202976514
ENSG00000163485.11 1 203059781 203059782
ENSG00000133048.8 1 203155876 203155877
ENSG00000133063.11 1 203242768 203242769
ENSG00000159388.5 1 203274618 203274619
ENSG00000122176.10 1 203320616 203320617
ENSG00000188783.5 1 203444955 203444956
ENSG00000058668.10 1 203595688 203595689
ENSG00000221643.1 1 203698708 203698709
ENSG00000122188.8 1 203734303 203734304
ENSG00000058673.11 1 203764781 203764782
ENSG00000257315.1 1 203765436 203765437
ENSG00000182004.8 1 203830730 203830731
ENSG00000143842.10 1 204042242 204042243
ENSG00000261065.1 1 204100189 204100190
ENSG00000143845.10 1 204121306 204121307
ENSG00000143850.8 1 204346792 204346793
ENSG00000158615.8 1 204380918 204380919
ENSG00000133056.9 1 204463851 204463852
ENSG00000198625.8 1 204485510 204485511
ENSG00000240219.1 1 204595902 204595903
ENSG00000170382.7 1 204654860 204654861
ENSG00000163531.11 1 204797778 204797779
ENSG00000229657.2 1 204915735 204915736
ENSG00000174529.6 1 205053644 205053645
ENSG00000117222.9 1 205091142 205091143
ENSG00000133059.12 1 205180726 205180727
ENSG00000133069.10 1 205197303 205197304
ENSG00000163545.7 1 205290882 205290883
ENSG00000235363.1 1 205320374 205320375
ENSG00000117266.11 1 205473722 205473723
ENSG00000174514.8 1 205538012 205538013
ENSG00000236942.1 1 205594610 205594611
ENSG00000158711.9 1 205601089 205601090
ENSG00000158715.5 1 205649586 205649587
ENSG00000268313.1 1 205682496 205682497
ENSG00000069275.12 1 205719403 205719404
ENSG00000117280.8 1 205744587 205744588
ENSG00000133065.6 1 205782875 205782876
ENSG00000162877.8 1 205819259 205819260
ENSG00000229874.2 1 206137983 206137984
ENSG00000196533.6 1 206288646 206288647
ENSG00000163486.8 1 206516199 206516200
ENSG00000143466.9 1 206643790 206643791
ENSG00000136653.15 1 206680878 206680879
ENSG00000234981.1 1 206702247 206702248
ENSG00000143486.11 1 206785903 206785904
ENSG00000143479.11 1 206808880 206808881
ENSG00000162889.6 1 206858288 206858289
ENSG00000224114.1 1 206869613 206869614
ENSG00000136634.5 1 206945838 206945839
ENSG00000162891.6 1 207038698 207038699
ENSG00000162892.11 1 207070787 207070788
ENSG00000162894.7 1 207096591 207096592
ENSG00000123836.10 1 207222800 207222801
ENSG00000180667.6 1 207226324 207226325
ENSG00000123843.8 1 207262186 207262187
ENSG00000123838.6 1 207277606 207277607
ENSG00000196352.9 1 207494852 207494853
ENSG00000203710.6 1 207669491 207669492
ENSG00000117335.14 1 207925401 207925402
ENSG00000203709.5 1 208042494 208042495
ENSG00000174059.12 1 208084746 208084747
ENSG00000076356.6 1 208417664 208417665
ENSG00000264831.1 1 209796854 209796855
ENSG00000196878.8 1 209825810 209825811
ENSG00000123689.5 1 209848764 209848765
ENSG00000117594.5 1 209859509 209859510
ENSG00000227591.1 1 209897469 209897470
ENSG00000236136.1 1 209917717 209917718
ENSG00000009790.10 1 209929376 209929377
ENSG00000162757.3 1 209957903 209957904
ENSG00000232222.1 1 209961037 209961038
ENSG00000117595.6 1 209979464 209979465
ENSG00000117597.13 1 210001351 210001352
ENSG00000082497.7 1 210406143 210406144
ENSG00000203706.4 1 210407391 210407392
ENSG00000228110.3 1 210440586 210440587
ENSG00000054392.8 1 210501595 210501596
ENSG00000224668.1 1 211035626 211035627
ENSG00000226986.3 1 211380388 211380389
ENSG00000117625.9 1 211431718 211431719
ENSG00000082512.10 1 211499956 211499957
ENSG00000153363.8 1 211556144 211556145
ENSG00000236809.2 1 211590366 211590367
ENSG00000261252.1 1 211608413 211608414
ENSG00000170385.9 1 211752083 211752084
ENSG00000123684.8 1 212004113 212004114
ENSG00000143493.8 1 212208883 212208884
ENSG00000220749.3 1 212225370 212225371
ENSG00000226251.1 1 212412318 212412319
ENSG00000066027.7 1 212458878 212458879
ENSG00000225338.1 1 212482859 212482860
ENSG00000201544.1 1 212526157 212526158
ENSG00000229832.1 1 212530759 212530760
ENSG00000065600.8 1 212588242 212588243
ENSG00000117691.5 1 212606228 212606229
ENSG00000260805.1 1 212731174 212731175
ENSG00000162772.12 1 212738675 212738676
ENSG00000123685.4 1 212873326 212873327
ENSG00000117697.10 1 212965123 212965124
ENSG00000203705.6 1 212965169 212965170
ENSG00000198468.3 1 213031429 213031430
ENSG00000162769.8 1 213031596 213031597
ENSG00000143494.11 1 213123861 213123862
ENSG00000174606.8 1 213189167 213189168
ENSG00000136643.7 1 213224588 213224589
ENSG00000117707.11 1 214156523 214156524
ENSG00000143499.9 1 214454444 214454445
ENSG00000228470.1 1 214530957 214530958
ENSG00000213036.3 1 214656729 214656730
ENSG00000152104.7 1 214725791 214725792
ENSG00000136636.8 1 215740734 215740735
ENSG00000092978.6 1 217804423 217804424
ENSG00000067533.5 1 218458628 218458629
ENSG00000092969.7 1 218519576 218519577
ENSG00000143353.7 1 219347185 219347186
ENSG00000228063.1 1 219347302 219347303
ENSG00000228536.1 1 219585282 219585283
ENSG00000230024.1 1 219615983 219615984
ENSG00000215817.3 1 219786461 219786462
ENSG00000136628.13 1 220219999 220220000
ENSG00000162813.13 1 220263803 220263804
ENSG00000067704.8 1 220267443 220267444
ENSG00000232134.1 1 220317692 220317693
ENSG00000218283.2 1 220426911 220426912
ENSG00000213033.4 1 220441258 220441259
ENSG00000118873.11 1 220445795 220445796
ENSG00000116141.11 1 220701567 220701568
ENSG00000225782.1 1 220836457 220836458
ENSG00000162817.6 1 220863186 220863187
ENSG00000117791.11 1 220921566 220921567
ENSG00000186205.8 1 220960100 220960101
ENSG00000221571.2 1 220998961 220998962
ENSG00000272823.1 1 221002552 221002553
ENSG00000238078.1 1 221002596 221002597
ENSG00000136630.11 1 221051698 221051699
ENSG00000257551.1 1 221053481 221053482
ENSG00000143507.13 1 221915517 221915518
ENSG00000143512.8 1 222721444 222721445
ENSG00000225265.1 1 222763166 222763167
ENSG00000143498.13 1 222763274 222763275
ENSG00000154305.12 1 222791427 222791428
ENSG00000272750.1 1 222834853 222834854
ENSG00000162819.7 1 222885894 222885895
ENSG00000186063.8 1 222886551 222886552
ENSG00000228106.1 1 222988363 222988364
ENSG00000154309.7 1 222988405 222988406
ENSG00000187554.7 1 223316623 223316624
ENSG00000162909.13 1 223889294 223889295
ENSG00000143514.12 1 224033673 224033674
ENSG00000272645.1 1 224141140 224141141
ENSG00000232372.1 1 224175855 224175856
ENSG00000243000.1 1 224183596 224183597
ENSG00000185495.6 1 224183658 224183659
ENSG00000263182.1 1 224196428 224196429
ENSG00000143756.7 1 224301788 224301789
ENSG00000236773.1 1 224363407 224363408
ENSG00000143753.8 1 224363457 224363458
ENSG00000237101.1 1 224407314 224407315
ENSG00000143748.13 1 224518088 224518089
ENSG00000143771.7 1 224544551 224544552
ENSG00000143786.3 1 224622361 224622362
ENSG00000162923.10 1 224624734 224624735
ENSG00000143815.10 1 225616626 225616627
ENSG00000154380.12 1 225840843 225840844
ENSG00000143742.8 1 225965530 225965531
ENSG00000143819.8 1 225997793 225997794
ENSG00000242861.1 1 226034222 226034223
ENSG00000196187.7 1 226070068 226070069
ENSG00000255835.1 1 226111977 226111978
ENSG00000143811.12 1 226111977 226111978
ENSG00000248322.1 1 226125256 226125257
ENSG00000143768.7 1 226129188 226129189
ENSG00000143751.9 1 226187031 226187032
ENSG00000163041.5 1 226249551 226249552
ENSG00000272562.1 1 226249576 226249577
ENSG00000225518.2 1 226271339 226271340
ENSG00000234478.1 1 226335703 226335704
ENSG00000182827.8 1 226374430 226374431
ENSG00000183814.11 1 226497569 226497570
ENSG00000143799.8 1 226595779 226595780
ENSG00000203685.5 1 226736500 226736501
ENSG00000143772.5 1 226927023 226927024
ENSG00000143801.12 1 227057884 227057885
ENSG00000163050.12 1 227085236 227085237
ENSG00000233706.1 1 227179840 227179841
ENSG00000143776.14 1 227506174 227506175
ENSG00000224834.1 1 227621764 227621765
ENSG00000181450.13 1 227751243 227751244
ENSG00000143740.10 1 227916239 227916240
ENSG00000081692.8 1 227923111 227923112
ENSG00000143816.7 1 228135598 228135599
ENSG00000143761.9 1 228270360 228270361
ENSG00000264944.1 1 228284963 228284964
ENSG00000143793.8 1 228293111 228293112
ENSG00000162910.14 1 228297012 228297013
ENSG00000143774.12 1 228327662 228327663
ENSG00000198835.3 1 228337552 228337553
ENSG00000203684.5 1 228353212 228353213
ENSG00000181873.8 1 228353515 228353516
ENSG00000154358.15 1 228395830 228395831
ENSG00000269934.1 1 228463766 228463767
ENSG00000270094.1 1 228581990 228581991
ENSG00000154370.9 1 228594540 228594541
ENSG00000231563.1 1 228595081 228595082
ENSG00000162931.7 1 228604561 228604562
ENSG00000181218.4 1 228645559 228645560
ENSG00000196890.3 1 228645807 228645808
ENSG00000168159.9 1 228674761 228674762
ENSG00000212237.1 1 228783778 228783779
ENSG00000234975.5 1 228823161 228823162
ENSG00000116574.4 1 228870823 228870824
ENSG00000168118.7 1 229406821 229406822
ENSG00000240524.2 1 229407345 229407346
ENSG00000213029.2 1 229440128 229440129
ENSG00000154429.6 1 229479040 229479041
ENSG00000226920.1 1 229576766 229576767
ENSG00000069248.9 1 229644102 229644103
ENSG00000201492.1 1 229685651 229685652
ENSG00000135776.4 1 229694441 229694442
ENSG00000229367.1 1 229706278 229706279
ENSG00000135801.5 1 229761793 229761794
ENSG00000135763.5 1 229761980 229761981
ENSG00000228058.1 1 230138476 230138477
ENSG00000143641.8 1 230193535 230193536
ENSG00000224407.1 1 230417638 230417639
ENSG00000177614.5 1 230561474 230561475
ENSG00000135775.9 1 230778234 230778235
ENSG00000135744.7 1 230850042 230850043
ENSG00000244137.1 1 230931237 230931238
ENSG00000119280.12 1 231005334 231005335
ENSG00000143643.8 1 231114620 231114621
ENSG00000173409.9 1 231114726 231114727
ENSG00000221290.1 1 231155669 231155670
ENSG00000227934.1 1 231157356 231157357
ENSG00000182118.5 1 231175991 231175992
ENSG00000143633.8 1 231376932 231376933
ENSG00000116906.7 1 231376952 231376953
ENSG00000010072.11 1 231472849 231472850
ENSG00000116903.6 1 231473597 231473598
ENSG00000135766.8 1 231560789 231560790
ENSG00000233461.1 1 231664301 231664302
ENSG00000270106.1 1 231664398 231664399
ENSG00000116918.9 1 231664398 231664399
ENSG00000162946.16 1 231762560 231762561
ENSG00000116991.6 1 232697303 232697304
ENSG00000212916.3 1 232940642 232940643
ENSG00000135778.7 1 233086350 233086351
ENSG00000231940.1 1 233425192 233425193
ENSG00000135749.14 1 233431458 233431459
ENSG00000251508.1 1 233431472 233431473
ENSG00000135750.10 1 233749749 233749750
ENSG00000225486.1 1 233972177 233972178
ENSG00000235605.1 1 234492886 234492887
ENSG00000168275.10 1 234509201 234509202
ENSG00000231663.1 1 234509338 234509339
ENSG00000059588.5 1 234614848 234614849
ENSG00000231768.1 1 234667524 234667525
ENSG00000228830.1 1 234742753 234742754
ENSG00000168264.6 1 234745270 234745271
ENSG00000237520.1 1 235092977 235092978
ENSG00000238005.2 1 235105808 235105809
ENSG00000258082.1 1 235116550 235116551
ENSG00000273416.1 1 235267923 235267924
ENSG00000173726.6 1 235292250 235292251
ENSG00000188739.10 1 235324771 235324772
ENSG00000232686.1 1 235334205 235334206
ENSG00000234086.2 1 235473312 235473313
ENSG00000152904.7 1 235490664 235490665
ENSG00000054267.16 1 235491533 235491534
ENSG00000116957.8 1 235530674 235530675
ENSG00000229795.2 1 235596299 235596300
ENSG00000162885.8 1 235667780 235667781
ENSG00000235674.2 1 235901304 235901305
ENSG00000143669.9 1 236046939 236046940
ENSG00000229291.1 1 236135124 236135125
ENSG00000116962.10 1 236228461 236228462
ENSG00000077585.9 1 236305831 236305832
ENSG00000086619.9 1 236445318 236445319
ENSG00000186197.8 1 236511561 236511562
ENSG00000244457.2 1 236646464 236646465
ENSG00000116977.14 1 236681299 236681300
ENSG00000223776.4 1 236687807 236687808
ENSG00000273058.1 1 236700003 236700004
ENSG00000230325.1 1 236713579 236713580
ENSG00000119285.6 1 236767803 236767804
ENSG00000116984.8 1 236958609 236958610
ENSG00000237991.2 1 237144636 237144637
ENSG00000215808.2 1 238649322 238649323
ENSG00000228818.1 1 240308688 240308689
ENSG00000180875.4 1 240775448 240775449
ENSG00000091483.6 1 241683060 241683061
ENSG00000117009.7 1 241695433 241695434
ENSG00000203668.1 1 241799231 241799232
ENSG00000054277.8 1 241840677 241840678
ENSG00000197769.5 1 242162374 242162375
ENSG00000224525.2 1 242366856 242366857
ENSG00000253326.2 1 243219695 243219696
ENSG00000227230.1 1 243299199 243299200
ENSG00000232085.1 1 243327939 243327940
ENSG00000143702.11 1 243418649 243418650
ENSG00000054282.11 1 243419319 243419320
ENSG00000117020.12 1 244014380 244014381
ENSG00000179456.9 1 244214584 244214585
ENSG00000240963.1 1 244572893 244572894
ENSG00000035687.9 1 244615435 244615436
ENSG00000121644.14 1 244816236 244816237
ENSG00000232059.2 1 244858021 244858022
ENSG00000203667.5 1 244998623 244998624
ENSG00000188206.5 1 245018798 245018799
ENSG00000153187.12 1 245027843 245027844
ENSG00000203666.8 1 245133006 245133007
ENSG00000272195.1 1 245134389 245134390
ENSG00000223353.2 1 245287751 245287752
ENSG00000185420.14 1 246670613 246670614
ENSG00000162851.6 1 246729625 246729626
ENSG00000162852.9 1 246729745 246729746
ENSG00000228955.2 1 246795779 246795780
ENSG00000143653.9 1 246887348 246887349
ENSG00000260855.1 1 246935602 246935603
ENSG00000227953.2 1 246939314 246939315
ENSG00000153207.10 1 247095279 247095280
ENSG00000135747.7 1 247242112 247242113
ENSG00000188295.10 1 247267673 247267674
ENSG00000196418.8 1 247335317 247335318
ENSG00000224014.1 1 247338557 247338558
ENSG00000259865.1 1 247351827 247351828
ENSG00000263568.1 1 247365361 247365362
ENSG00000252516.1 1 247367962 247367963
ENSG00000227671.3 1 247374157 247374158
ENSG00000232347.1 1 247405124 247405125
ENSG00000162714.8 1 247495147 247495148
ENSG00000162711.12 1 247579457 247579458
ENSG00000177535.6 1 247615307 247615308
ENSG00000227135.1 1 247690053 247690054
ENSG00000264500.1 1 249120575 249120576
ENSG00000175137.9 1 249120831 249120832
ENSG00000171161.8 1 249132408 249132409
ENSG00000171163.11 1 249153342 249153343
ENSG00000185220.7 1 249200394 249200395
